-0.004449404761904819 0.23946428571428877 -4.189345238095293 23.996428571428925 11.000000000000039
0 0 -0.058386267803174276 0.8118564163816349 32.57095933546879
0 0.0032696759259259367 -0.16973379629629654 1.5236111111111104 27.00000000000004
0 -0.028882459072944285 1.0465805850494434 -8.309086850255104 32.657041130632635
0 0.029403132535402172 -1.043601947512716 9.308658213536036 3.1740960161017644
0 0.010541420388355786 -0.39073695713435236 3.7178181950671445 1.3806914771012688
0 -0.024067371937639134 1.0496334446919047 -11.823798677195075 44.96949449956124
-0.0030541762159409275 0.14982015533486154 -2.0890437993379165 5.103240387063855 45.99999999999994
-0.0022140796117778704 0.11630247416692638 -1.9732110068107793 10.015942263193107 32.99999999999941
0 0.012114199490396212 -0.3714086480263419 2.3171293944857623 24.7713216683174
0 -0.01005983750548973 0.532293039086513 -6.522233201580885 37.99999999999942
0 0 -0.09196768060836498 2.274714828897337 21.118821292775653
-0.0061849220913661445 0.2975612799467601 -4.547980778279695 23.256604420424438 5.000000000000036
0 0 0 0.0603156708004504 18.984780157835402
0 0.010488343068155416 -0.5361189521040426 7.580528957451499 2.4710832646742613
0 0.0005514276664359955 0.019485648995063845 -0.9101103730423656 19.887369207855325
0.003588472426007495 -0.17930135016970017 2.6977957849807064 -10.909897292250575 32.00000000000051
0 0.006936119397291815 -0.059851115051053776 -2.207042621354215 32.86041234156353
0 0.005164493694825134 0.00047292034770957917 -4.03791997870595 47.398012884936385
0.0032251417313336876 -0.1769765322396913 3.1195614370150335 -17.557017878922228 43.0000000000006
-0.0043162409390479555 0.20478574382083123 -2.9301179084073725 11.57562276904374 36.00000000000022
0 0 0.07456464903050172 -1.4832525058830346 18.26403987399139
0 -0.016049382716049387 0.5976583372622979 -4.766022316517363 21.24611032531826
0.0006623702112423892 -0.022101384413414388 0.18749403270079917 -2.4677318295739457 47.00000000000009
0 0 -0.0980246038640746 1.4337935174717213 38.199975353700154
0 0 -0.06760616528554339 1.0149686118430057 30.732133563375918
0 -0.01815534717164369 0.42635411247529154 -0.42306220303126135 35.54096347934657
0.0034240684910327715 -0.1624937190785403 2.603578192640694 -16.182150587507778 40.00000000000034
0.003528748704187283 -0.17897498862411146 2.882984413247588 -14.466787890472311 28.000000000000284
0 0 0 -0.7868171021377672 32.85807600950118
0 0.0025534243794942965 -0.046243310302547413 -0.7089236007555504 36.37690128243365
0 0.03520821674611421 -1.1119681910557861 6.845712231002157 34.115558977752386
0 0.009165863321609211 -0.3660969750233267 3.935060375621485 18.145239659622657
-0.001158722643097629 0.05645254629629574 -0.8647201178451118 3.6297979797979747 21.000000000000036
0.0032262368885175785 -0.1405307249605492 1.8413794903926453 -7.096908939014181 26.99999999999991
0 0.02886426857475623 -0.9713099275091961 6.925583342798107 27.50202905761941
0 -0.008342366956062176 0.2449897032156771 -0.7005424062762153 3.454483617228812
0 0.015754785054189552 -0.5730164885631938 4.177846923933428 36.85814549310582
-0.0041848784602408155 0.15881259105896925 -1.564268461007606 2.7098171152519646 34.000000000000135
0 0.050288084440915246 -1.921457915377982 17.97742975737708 8.99456675443723
-0.006137474279835388 0.27741448045267525 -3.7818479938271694 14.818055555555638 30.000000000000117
0 -0.013817419953735097 0.4952627201180226 -3.993781654003746 29.978615871357132
0.009170730490263504 -0.43788853705732494 6.361329039465895 -26.932611232898353 41.99999999999992
-0.0069246031746030695 0.32192460317460037 -4.542222222222231 19.85214285714314 8.999999999999496
0 -0.020696700368343146 0.611380047108887 -2.690876158870039 17.83691549172304
0 0 0.13841426858513198 -2.4488159472422066 27.767086330935282
0 0.036138676220005585 -1.3567658371487588 12.226699849527183 12.465736154573312
0 0 -0.06955310883515092 3.195638918259719 6.9095397460084405
0.007735392402575191 -0.35816870607892876 4.82760713057162 -15.324794338788616 21.00000000000001
0 0 0.022669151758856424 0.3997700055407141 6.560198112500257
0.005863248474446822 -0.2832123617467516 4.148114511822953 -18.186308161708233 48.99999999999979
-0.00216957153231654 0.08870733478576168 -1.1055283224400212 5.346078431372296 17.99999999999978
-0.0012400793650794001 0.06393849206349378 -1.201091269841297 8.682142857142987 23.99999999999991
-0.0024535334967320135 0.10964818218954181 -1.3946180555555474 4.231127450980362 45.99999999999994
0 0.033933591682797595 -1.2086449165032425 10.935884453321766 7.638425096258054
0 -0.009005318967753464 0.5724097020067979 -8.19031982717286 36.65078309354311
-0.000793099647266302 0.06073026895943517 -1.4075099206349153 9.596746031746015 25.00000000000003
0 -0.037308717753735864 1.4230903389357705 -13.560638144501722 44.081500921886224
0 0 -0.28765858501579783 6.6198365883079635 16.90437602475915
0.0015482679085620165 -0.08485613651054773 1.7231419315978052 -14.006527296233143 45.00000000000008
-0.005255991285402976 0.24287854030500777 -3.199060457516293 8.746568627450706 49.0000000000002
0 0 -0.05220843341339754 -0.13213273321359373 40.194346468165506
0 0.02299440115192626 -0.8203277130474195 6.821198982417357 12.738849645739869
0 -0.0036458333333334843 0.07500000000000481 -0.9916666666666955 38.999999999999986
-0.00827064043209851 0.43484760802467765 -7.300347222221999 38.861111111110056 34.999999999999645
-0.0037408887408887656 0.13970917970918115 -1.4964589114589384 6.989905649905815 13.99999999999971
0 0.041766067848766096 -1.6166942907976725 15.676709876815833 7.693712555600824
0 0.02311197916666661 -0.7265624999999976 5.833333333333321 4.999999999999998
-0.000689675391687799 0.053662515245333796 -1.2861499671639165 10.575396378647213 19.999999999999943
-0.0006628891068250401 0.01958337873669722 -0.3908521303258226 7.347537321564836 14.999999999999893
-0.0013144535203358754 0.06371569606863743 -1.0913551317963113 7.538287692699466 11.000000000000115
0 -0.01874488828360878 0.8090430223848325 -9.4496291418058 42.099208877124454
0.0026706881583042495 -0.12400322702180323 1.7206420872442787 -5.455811096368686 16.000000000000483
-0.0030022446689112517 0.1583413500080121 -2.757359307359226 17.641702741702307 9.99999999999936
0 0 0.12100694260987203 -3.2967331691904564 30.979832616529112
0 -0.004231875471047035 0.09015074641096045 -0.5217196963505613 28.287667874363212
-0.0034829539263180605 0.14710875508931703 -1.774680958820146 5.631055157657731 18.999999999999545
0 -0.014258460553631126 0.3403206947564549 0.1318463392362981 15.331339166009109
0 0 0.09603713262119437 -2.7907265874608655 44.30297757788654
0 0.06562928007809767 -2.452134076506529 21.977738040659954 26.078141619541324
0 -0.03825208738748924 1.217778743673819 -7.712898114162107 20.094203152063155
0 0 0.0624468919537225 -0.5902428263285197 4.16711876593243
0.0017073934837092681 -0.08370927318295757 1.519345238095253 -12.51741854636612 45.000000000000306
0 -0.0009803921568627325 0.02647058823529363 0.76274509803922 9.999999999999993
0 0.02571416459195037 -0.9362487118850514 7.611049334337134 25.338902526218327
-0.007905419861941605 0.3426990079164004 -4.438732081123423 18.33613222526302 13.999999999999432
-0.007552368773596671 0.37399829497017534 -5.847215625380792 28.480769699184936 22.999999999999233
0 -0.006340221923271356 0.174205713140794 -0.9495596836209728 34.32047685834499
-0.005287330981775449 0.1978835978835999 -1.8670965608466057 4.963095238095535 2.9999999999993405
0 0 0.11645190564857351 -2.9381174224721427 39.75418579980863
0 -0.0031533828337910155 0.11498120648808938 0.07640779135609518 6.3823562983424065
0.00332722832722838 -0.16997446997447285 2.7587717837718326 -14.217499167499406 40.9999999999999
0 0 0.15404616945712823 -3.60362760020294 42.77168949771691
-0.003246753246753205 0.1572447160682442 -2.1892666157372016 7.019225872167197 29.999999999999712
0.002675285241074494 -0.13470586431111614 2.062171052631396 -10.218003925897774 48.00000000000058
0 0 0 0.6744186046511624 23.395348837209298
0 0 -0.01127955841046177 -0.4642906222111205 39.065235304277245
0.005493960404674722 -0.2603114643293231 3.8735751351823167 -19.141575091575525 44.00000000000128
0 0 -0.10484908025870114 3.9251918564965904 2.1661243283525837
-0.0043201650676219176 0.20257308665092988 -3.0765638631849113 16.377396700307727 14.999999999998737
0 0 -0.11620108556651242 2.8092699423115217 22.444513910597053
0 0.022441950906520246 -0.9429568914579494 9.594376800106138 16.038682200738076
0 -0.020678167133740336 0.8814700446878392 -9.601641960723375 38.42230143005424
0 0 0 0.16566265060241006 9.7090361445783
0 0 0.004638744793445908 -0.4220015291208681 29.5884431616089
-0.005931938431938541 0.318470418470424 -5.492978595478681 30.187308802309214 10.999999999999938
-0.008230452674896768 0.42839506172837777 -7.140740740740474 38.89999999999872 16.999999999999737
-0.006751119251119273 0.2893301143301174 -3.6439731564732374 13.878682428683112 9.999999999998954
-0.0038711288711288333 0.1876660376660365 -2.9671874421874342 17.214679764679754 16.99999999999979
0 -0.005430143755615414 0.15147813233631702 -0.7046336550444746 22.02738892270237
0 0 0.016123257649158552 0.4878103342528412 23.36136378675691
0.0013024110610427788 -0.054819627126213 0.8268720652512234 -6.773354849186065 43
-0.0024131467490842904 0.14219823145604585 -2.6051053113553415 14.600686813187004 19.99999999999984
-0.0019738447274680157 0.10487239545211018 -1.9246596398770972 12.821761089152734 23.999999999999684
0 0.01907036424962966 -0.7108206643611708 6.330077349490205 23.233765494908063
0 -0.007648023671203772 0.1552641550842355 1.1588920464475718 17.411122130108723
0 0 0.20830267763583227 -5.337714311194336 41.00341114306732
0.0031746031746031746 -0.14554673721340378 2.1952380952380928 -12.36150793650793 37.99999999999985
-0.001271360218728647 0.04708931419457824 -0.36385167464117424 0.6009455456826028 3.999999999999587
0 0.011576563361105283 -0.4161057805856452 3.0048624102211914 33.666928402945324
0 0 -0.06962224505419469 1.7011349485516365 27.95692014368496
0 0 -0.036979068915283665 1.4142491353191948 6.374006845948289
0.0037497177371319215 -0.1801467411307233 2.543469615180163 -9.781512537805662 34.00000000000065
0 -0.06846912503458706 2.116230525620094 -12.29264785260326 30.53680831633226
0.003895548895548962 -0.1875749250749282 2.758602786102834 -12.473711288711522 47.00000000000006
-0.009048139360639307 0.41036047286047095 -5.527962350149842 22.46827589077604 19.99999999999984
0 -0.009999509303947633 0.4715752044274791 -6.0032627782509325 29.164474306804166
0 0.0012482907097732551 -0.017549245747994855 -0.7832921038314559 36.97650790634181
0 0.00543210450863775 -0.23707646489037018 2.894291979602608 21.948236610083537
0 0 -0.2795644634657002 6.04531137787855 19.489078777406363
0 0.01189133032388165 -0.2548332644745187 -1.1527620234891551 39.93798220795899
0 0.012521312872974958 -0.5231777493606026 5.510656436487547 25.999999999999964
-0.001870506037172723 0.07214760548093964 -0.8301739926740037 2.891697191697239 46.00000000000009
0 -0.010114943452163972 0.5035710367390565 -6.265355013350304 48.05976778920953
0 0 0 -0.08631211857018418 21.418482999128155
-0.0023057448657293755 0.09326855742296868 -0.9675050203494412 2.58038176993284 6.999999999999944
0.0031285072951739686 -0.14880751964085331 2.2590909090909146 -12.336868686868732 39.00000000000002
0 0 0.06264648635228788 -1.9087315989677227 36.62561901305332
0 -0.01747259351863436 0.5674725000014754 -4.238777689530593 36.03290005476267
0 -0.02306704378424797 0.7418463658992457 -4.949483986507825 15.601684596759647
0 0 -0.014222747491591232 -1.086935228620349 48.127595934738906
0 -0.01034283634689154 0.2731849021289867 -1.9344678275271705 48.32558683615375
-0.0028394162833522436 0.13744192497053115 -2.338254590142501 16.2036520814555 6.0000000000000036
0 0 0.05837687629619562 -1.3164653490803406 33.93560936065685
0 0 -0.12052609011936619 3.614085863493479 18.36048609341146
-0.001193829318829318 0.07222788785288796 -1.539185120435126 12.799009324009399 9.99999999999992
0.001853655603655641 -0.10325216450216654 1.815006012506048 -8.878499278499463 29.000000000000227
0.00449935866602534 -0.20258136924803682 2.5870310245310555 -7.726010101010399 31.000000000001204
0 0.026632553606230545 -0.9912524366468654 9.824707602335955 15.00000000000034
0 0.021696513015855682 -0.7283520642140475 6.652943211755276 3.707244402602518
0 0.013523595869748394 -0.7073151822408753 9.731695715631126 8.049625082410364
-0.0027335084400299256 0.1431892785153528 -2.4033711558166035 11.658570656395696 40.99999999999965
0 0.03776709653683979 -1.3513369948563045 11.655998820813783 9.21057271883504
0 0 0.01762677233005748 -0.5010104719559025 20.792008662659114
0 0.018286090294882623 -0.5617870623238232 4.067134650690255 18.4953922997014
0 -0.01690025753128965 0.430266570649512 -1.9721186758774536 34.968384090127905
0 0 -0.10511798121039971 1.419934819022647 33.69055422037724
0.0018789081289081586 -0.09908910533910746 1.7694684944685424 -11.15761183261216 30.000000000000345
0.005475476904048484 -0.277082441368162 4.47907568621863 -23.757989629418717 47.00000000000052
0 -0.011670007801215028 0.5256066741033127 -7.0963817708240615 37.01834898995563
0.0034258565508565888 -0.1809855653605668 2.929356523106541 -13.790911865911955 27.000000000000064
-0.0009196307807419126 0.037319599125155645 -0.3757359924026733 0.6095506345507039 26.999999999999964
0 0.03659538655979704 -1.2449030958279432 9.52735841950388 31.51914285057372
-0.0026877751877751885 0.13981805231805214 -2.4323828023827976 15.414459984459947 16.000000000000075
-0.0022662332158899954 0.17578850507912439 -4.395025304807937 36.22150303294481 4.000000000000425
0.0007040387426900606 -0.032409996345029356 0.2501845760233951 2.2227631578947014 29.999999999999915
-0.002848307291666657 0.12727864583333265 -1.7942708333333186 8.791666666666579 28.000000000000107
0 0.018607424026516193 -0.6324348486597501 5.452900431352675 5.229791875571059
0 -0.00806600294985246 0.47981194690265294 -7.447271386430655 46.6539823008849
0 0 0.22580632751669594 -5.371749299849198 39.72033976548793
0.0019106973626424183 -0.09170567228347441 1.4448657051059643 -9.184456695097364 45.999999999999815
-0.01145520806848046 0.517226036104759 -6.948244766505722 27.44247393846996 23.000000000000554
0 -0.010481576538019172 0.3737281034543435 -2.8011773467605523 31.920672178694034
0 0 -0.032254939945757476 1.8967555673781415 10.78924922076947
0 0 -0.005635633295207833 -0.5134629602714684 23.48429268642034
0 0.002238280507842903 -0.11515625219035341 2.1182886816837083 27.978135982526688
0 -0.026473632931433427 0.8665509682133719 -6.340077335281939 24.000000000000014
0 -0.012797010272193073 0.44958656296750577 -4.198848848900315 41.45660107549927
0.0005823381984372636 -0.01594795813062041 -0.11271561256081616 3.799288662833546 31.000000000000053
0 -0.005767739575981313 0.3988240249893541 -5.4711438038552505 25.91603471362576
0 -0.02868270418893141 1.0979138196279912 -9.778027339754296 39.14230829030378
-0.009031654619890084 0.41001743354685577 -5.541435525259261 22.511337681927277 19.999999999998824
0 -0.017200693441210085 0.6801536171700785 -6.6196571232942105 24.232304776925506
0.0006164734412283425 -0.0248325487602448 0.4357609710550877 -4.385177404295049 35.99999999999999
0 0 -0.02942477309213016 0.8222303425425953 36.388698445094825
0 -0.015446137988860392 0.6093677666859584 -6.405291024946744 34.86353439368983
0 -0.032956442559968706 0.9572053725317623 -4.776739579346558 24.128150785216068
0 0.023002510730108006 -0.8582264437788464 8.615076185630526 3.6636596641372203
0 0 0 -0.4885057471264376 30.494252873563227
0 -0.04052273899749805 1.5801308143868422 -15.295875082833156 48.96577860673629
0 0 -0.48712455109369945 11.581435683969977 12.980166503428032
0 0.009837092731829554 -0.2831299240160993 0.42061942951922826 28.443161677228293
0 0.013098326615991165 -0.32332466414355737 -0.1727073470103423 48.912391480473275
0 0.023769524165923456 -0.716676226037193 4.620184452704261 14.863001346751645
-0.0023726851851851682 0.12361111111111085 -2.0960648148148207 12.072222222222296 5.999999999999774
0.001635314916564939 -0.0714918472730982 1.040401785714297 -4.855265567765606 10.999999999999963
0.0017968142968143568 -0.06546231546231901 0.33784965034971914 4.800407925407482 22.00000000000031
-0.0035975020350019643 0.18866122303622027 -3.1588656135530893 18.542445054945105 8.999999999999648
0 0.0016736690842611521 -0.06107881566559596 0.10165828202140066 26.958239772167147
0 0 -0.178030303030303 3.71212121212121 22.681818181818215
0 0 -0.005987128013792348 1.1414998603229485 4.519345271728367
0.0021071375018743236 -0.10910818713450199 1.6878737441895204 -7.375056230319337 29.999999999999964
0.0004448621553884728 -0.01862990810359247 0.1875334168755255 -0.8364160401002745 44.00000000000009
0 -0.01907135392816459 0.47372221635140155 -0.5422258621296838 9.759325795202361
0 0 0 0.14285714285714307 24.142857142857128
0.006327497107295875 -0.31265861009475837 4.543713254839528 -17.387412046159348 40.0000000000006
0.006176673567977969 -0.266166321601107 3.1899240855763047 -7.674378881987784 22.000000000000078
0.003275739854687277 -0.16715399610136672 2.725131135920639 -15.656273258904967 49.00000000000009
0 -0.017984341107036485 0.6572422914120707 -4.982961319383594 13.072000110175138
0 0 0.08551460322363437 -2.0615252649572957 16.797916656639952
-0.0011463844797177933 0.05220458553791796 -0.8865079365079276 6.220634920634963 23.999999999999684
0 -0.015128152412280669 0.6298460996240591 -7.201676065162896 40.975563909774365
0.004656171679198194 -0.20492744645706046 2.6862347630440815 -10.090009113693634 24.00000000000047
0 0 0 -0.3945012787723792 25.423913043478265
0 0 0.06397961337796682 -0.5860701468681218 11.927169094363528
-0.0016769865841073529 0.06896653398201509 -0.7628519828984398 0.09971988795525624 48.00000000000005
0 0.023926767676767755 -0.909974747474749 7.72424242424243 27.00000000000004
0 -0.008272946859902448 0.36708937198064123 -4.04492753623157 25.000000000000068
0 0.019620896176823815 -0.8424570372252715 9.462544756523531 15.014181577203404
-0.0014272186147186372 0.05409546593757241 -0.7441298558897463 6.3466649578493195 6.999999999999639
0 0.008377007674940894 -0.23618649246873105 0.9907315992340756 20.681278058429456
-0.004496549251013529 0.19284409786641893 -2.468944654882154 10.086768192125371 12.999999999999465
0 0 0.11821260553824017 -2.68868027828073 32.18848083593718
0 0 0 -0.05232558139534842 35.58488372093021
0 0.02161589104937387 -0.6344087954241171 2.980405997944045 41.928355652909744
0 0.005651230204629477 -0.2849783661054692 3.8647346099472943 30.14985220408694
0 -0.002809527112527243 0.06847886440087624 -1.299313701461349 46.09137336816062
0 0.01608206011046554 -0.39475976362252785 0.19122176001657365 39.57043836188278
0.003600242180205464 -0.1651030724789939 2.239249241363247 -8.995693277311101 33.00000000000017
0 -0.006011340798162492 0.4522655961609446 -7.360091781603404 46.79749320446991
-0.006030081030080916 0.32615717615717094 -5.485977910977836 27.90677655677622 27.99999999999988
0 0.009472606246799848 -0.34239001927352736 1.809475328015685 27.309245678766608
-0.0025637009189640645 0.13001253132832 -2.196935045948186 13.654824561403355 17.00000000000045
0 0 -0.10967477085836237 3.4525283984451023 5.6698382217418715
0.0011063155594405686 -0.06208570075757627 1.0063920454545567 -3.3940850815851755 26.000000000000046
0 0 0 -0.7559912854030502 29.749455337690627
-0.005722402597402716 0.2515692640692696 -3.3751623376624136 14.789826839827192 17.99999999999935
-0.0025829595123075914 0.14075727513228722 -2.3995442259030897 13.261369910283564 11.999999999999549
0 0.005817831493312029 -0.2716036251244056 2.991542887222532 13.937927114488668
0.005413754536561528 -0.27408387583826177 4.35930093298517 -21.757319288898557 47.00000000000047
0 0 0 1.0630372492836677 11.893982808022932
-0.006112945696278964 0.307644284727615 -4.823067210567168 22.38919968919955 39.999999999999986
-0.0047565182719645095 0.21566118854448516 -3.0389453748006776 14.509619651896859 1.999999999999425
-0.0014072604350382253 0.04336787184009466 -0.09825837742505411 -4.334391534391472 29.999999999999915
0 -0.015912807200485407 0.6031000210340788 -5.044941431740911 18.89022662224933
0 0 -0.031779006636039775 1.5402636355893664 12.32349231986391
0.0013494318181818334 -0.04966856060606156 0.35397727272729285 0.7924242424240893 42.00000000000033
0 0 -0.06054661457064828 1.5368064668340573 23.59989785480323
-0.0003335784585784608 0.015119718244718347 -0.1698683261183279 -0.062395937395924174 43.99999999999998
-0.00163014069264067 0.0499729437229427 -0.05289502164500635 -5.43820346320353 39.999999999999886
0 0 -0.026687715496566018 -0.6708524493953435 42.14068293013258
0 0 0.0893006302680538 -2.971220290075178 44.08881464044349
-0.006792020378976842 0.28124210732906124 -3.2841933629976765 10.009743276047512 25.999999999999947
0 0.003659705686304575 -0.08331616853224014 -1.4688380646926031 40.47576928427213
-0.007282196504332538 0.34392619620947174 -4.776466185889535 16.994450587252814 41.9999999999987
0.0014078548085900092 -0.07018119747898714 0.9235527544350468 -0.9114145658261573 2.0000000000000857
0 -0.017716708563620998 0.3928296673035219 1.1117296267091668 1.8075829877654044
0 0 0 0.5774533657745344 20.85644768856447
-0.001295378598010192 0.07036198450672211 -0.9837168679274071 1.1963488266120605 40.99999999999996
0 0 0 0.20576735092864096 27.80156402737047
0 -0.006829900383362785 0.07316726781344181 2.2283841324198117 11.734394926543589
-0.008563832001332046 0.4409439518814536 -7.260596694971708 40.36535131535133 6.999999999999563
0.0012977702122439043 -0.0665286467918051 0.9945156269169487 -5.071583241320111 45.9999999999999
-0.004150883838383941 0.16559343434343926 -1.724558080808152 1.7643939393942134 40.99999999999965
0 0.03143980778772582 -1.1858872830462646 9.39768252711235 36.71787764799042
0.004092550895956414 -0.19851745004221558 2.7010136973449432 -8.053701097663996 34.00000000000049
0 0 0 1.0487804878048783 1.5219512195121931
0 -0.014304315476189872 0.4512276785714082 -3.881845238095104 36.99999999999991
0 -0.01330503209774274 0.3826731355205135 -0.6163728071472768 22.4629027009437
0.0027417027417027968 -0.13407208733295964 1.9920823138214825 -8.860751929230304 27.999999999999982
0 0 0.033886006760690715 -0.3304092042719236 22.422612685419338
-0.010444384165612015 0.5350230781816614 -8.707197723182729 45.182619029169096 10.999999999997193
-0.010931834369333725 0.5382709304583959 -8.222101625226044 37.408061383058325 38.99999999999992
0.0009672619047619123 -0.036011904761905175 0.48563988095238886 -3.82559523809529 25.000000000000156
0 0 -0.049639679320713004 0.3740751106502616 38.63858887655191
0 0.008232038562196753 -0.14981619247147984 -1.685557854025402 37.94095710791136
0 -0.004860580611960923 0.14371433279051352 -0.6823048203721654 21.901209678874906
0 -0.002617290890956939 -0.04896739900064245 1.4447133946907058 33.03183004129089
0 -0.03498862244073072 1.1595151547897302 -8.985970257677195 43.87113325272997
-0.0026131600693004137 0.09663108171880122 -1.0945739932582181 5.817930899509997 25.999999999999744
0.003832497911445183 -0.20477234753550105 3.2506056808687824 -12.2127819548871 17.000000000000398
0 -0.02765702588820303 0.8822226664748137 -6.241830705453982 31.92549407849338
-0.0034583350372823806 0.17264820949031456 -2.5560422034106427 9.541001104159228 38.99999999999926
0 0.004966127440234107 -0.017150473609376903 -1.6398441806946278 28.374656018707427
-0.002526379870129916 0.11709956709956919 -1.5754464285714556 4.702705627705704 30.000000000000014
0 0.005155144555822213 0.02055979104899153 -1.9233022730481546 15.147395171537516
0 0 0.11334766608219585 -3.142712179018379 35.31988757015848
0 0 0.07086757867416436 -1.7158943441115992 27.033632529469
0 -0.03994908787949619 1.459377515162191 -12.25165458689823 36.58279350472349
-0.002884003843083212 0.10799875505758268 -0.7710303928335218 -3.334084358380715 35.999999999999666
0 0.0028061049627366263 -0.029944731388436212 0.22614017939517936 14.045603614959765
-0.001187326782564935 0.0852576215671475 -1.9147392290249643 13.008956916099843 16
-0.0016843419983622724 0.10085507887365106 -2.2752045953947233 19.630061976943786 4.999999999999426
0 0.04380332401807831 -1.6156439581114612 15.034076792432735 15.015842448580521
0 0 0.10209824712079216 -2.0334061225142452 31.657491879742544
0 0 0.11443311785181506 -3.8795375435106925 38.51069119840877
0 0.03116050616050624 -0.9320762570762599 5.004711954711984 32.99999999999993
0 0 -0.1376123474702544 3.324394768050533 16.389896221128485
0 0 0.1093427645151783 -1.9993368700265262 33.12665782493369
0 0 0.03892384908347 -1.32889766557158 22.834305118329752
0 0 -0.08613333275015218 3.247734340487516 5.047349222108964
0 0 0.12314814814814846 -2.9972222222222293 43.000000000000014
0.002793502793502615 -0.138727013727004 2.081099456099288 -9.823676323675418 37.00000000000019
0 0 -0.17445068174626105 4.775206037341258 17.612106327650938
0 0 0 -1.0961538461538456 32.94615384615383
0 0.027312208851344826 -1.1032535684753302 11.860702848811764 8.746788090683086
0 -0.054685477856577416 1.9647238188306493 -15.482269925784951 37.830083444153175
-0.004589367747262407 0.21256832835779935 -2.8334137597295324 8.839326170905297 39.999999999998714
-0.004654947916666561 0.23098958333332775 -3.5817708333332456 17.929166666666248 17.999999999999705
0 0 0 -0.908018867924529 35.35141509433963
-0.0036620615324318793 0.20311581422692454 -3.641644620811288 20.862433862433974 7.999999999999733
0 -0.018588815632055822 0.7683356281984882 -8.38098060712052 39.04017645446599
0 -0.02750097125097127 0.9846105283605283 -7.998426573426564 41.000000000000014
0 0.005163320589975486 -0.25483928040052944 3.0994147859340835 21.995446435786064
0.0036037165542313104 -0.1624313996453538 1.9328449892022148 -1.8539045241563752 7.000000000000529
-0.0023502918679549206 0.12614004629629738 -2.1485844404187096 13.024794685990592 5.999999999999774
0 0 -0.1997611605967634 3.9574277139862253 33.797527366017775
0 -0.02712371530493789 0.9868258232803324 -9.373817704397833 46.5894423438742
-0.0015580979866694155 0.08140245997388854 -1.2416563595135033 4.034415584415602 45.00000000000008
0 0.024673967596552236 -0.8725369488210184 8.150047004050363 5.813317845796011
0 0 -0.00767093507365466 -0.6468255724461586 35.2759626043939
-0.007267126148705211 0.32406954887218514 -4.20929615705937 15.653132832080468 16.99999999999994
-0.0036754181491024007 0.14962274567537934 -1.6662761215393143 3.4502392344499366 39.999999999999986
0 -0.0195250601054393 0.5508861993868834 -2.966701934905965 27.191781484392237
0.0010260770975057103 -0.0438435374149687 0.33094671201819853 2.501666666666268 23.000000000000046
0 -0.02667410714285704 1.027901785714282 -10.3053571428571 36.99999999999986
-0.0020006613756613674 0.0905423280423278 -1.0869708994708986 2.6753968253968403 19.999999999999943
0 -0.012702547511223433 0.5478154465279912 -6.33289693113017 38.6713906818144
0 0 -0.20325827718732892 4.89074418850587 10.241131435918374
0 0.021752911482488237 -0.9595894681872962 10.942421197879407 19.40165882899973
-0.006885128760128865 0.3670242951493007 -6.214905233655327 34.43175158175217 4.9999999999990195
0.0043716204430490025 -0.22778213849642384 3.7680424733996203 -20.705455259026827 48.00000000000043
-0.003681657848324345 0.18932980599646498 -3.0177910052908987 14.22658730158687 43.99999999999925
-0.009509741396558554 0.43309542567026654 -5.996427946178481 25.872303921568818 18.00000000000001
0 -0.02098737936154413 0.8476020786933885 -8.87291691975428 32.37147195788609
0 -0.01419900293919151 0.47542620023044785 -2.8942764273589616 29.98143093377767
0 0 0.12182963165142982 -4.135404137318367 51.23011174059823
0.0037758537758538226 -0.1646645021645055 2.120268157768238 -7.612085137085756 24.000000000000774
0 -0.03184523809523781 1.1672619047618948 -10.838095238095164 48.000000000000014
0 0 -0.08570379461026052 1.636826563395154 25.08793149930915
0.0012960844139334002 -0.06339054157132058 0.7242950673786093 1.3377993897786906 5.000000000000087
0 0.00020833333333332595 -0.023749999999999678 1.616666666666663 5.0000000000000115
0 0.02866264743331207 -1.0110181104562783 7.428111105994703 33.955625245443514
0 0.0032134981999869215 0.018237669321851908 -2.732845021900566 46.397066861007794
0 -0.032303656852819655 1.1616047626235586 -10.554500152982458 48.183964692944116
0.0038641054507927634 -0.19668355380429767 2.8935535697532875 -9.53128576789595 13.000000000000329
-0.0010634620009620328 0.06570165945166112 -1.34531325156328 10.936327561327722 4.999999999999795
0 0.01752597428245753 -0.8537062611957665 10.657862455589918 17.963707551232712
0 0.0032141707600375287 -0.17183550946723328 1.4372797944600015 40.93411740309176
0 0 0.030609145309682964 -1.1696542321760084 21.08191861742901
0 0.027666097101858366 -0.8636879630783335 6.1808772894022965 18.62292945783765
-0.00122957108251226 0.06728075845722917 -1.3735892375598289 11.418348808054715 15.00000000000011
0 -0.025924811667848036 0.8664593500257004 -7.217976119839725 42.94595082938981
0 0 0 -0.7144913627639164 38.80374280230328
0.004883367931613559 -0.23002619132005162 2.961274398116519 -4.541510974405826 3.000000000000205
0 -0.02561054979867243 0.9637372934565327 -7.954112414087832 29.71332458458859
0 0 0 1.1036644165863063 3.6316297010607546
0 0.01875974646695773 -0.689003087560825 6.2845822133847316 23.74732461355544
0 0.015480537856006048 -0.5757171653016563 4.259658054891213 25.105928002824736
-0.001496639325586706 0.07470380496696352 -1.2599011733880279 7.814445203918967 27.99999999999993
0.005465095029239841 -0.2896536915204722 4.852167397660897 -25.702631578947905 47.00000000000077
0 0.014619029106443332 -0.42161418705768916 2.7642356456477697 8.241039457441598
-0.004157284923538819 0.1814194577352492 -2.3542370297401747 8.016054507927954 40.999999999999446
-0.004017857142857204 0.22500000000000347 -4.012500000000067 22.242857142857574 42.99999999999979
0 0.008921459208683466 -0.10417117391681399 -2.010746534135451 28.024906823394556
-0.002852470600148607 0.1407816108899699 -2.368579272751102 15.479914916524827 5.999999999999851
0 0.010683130199607956 -0.5559075931004931 8.100730571961561 11.933126303009207
-0.004334766313933067 0.1744571208112917 -1.7645006613757224 1.5761904761907344 31.999999999999897
-0.0011040546754832676 0.026507619364763344 0.15648359576929025 -5.011543218685952 36.999999999999844
0 0 0.13180272108843544 -2.0717687074829936 23.90204081632654
-0.0030884309293400035 0.13957362082362057 -2.0908946693037693 12.148202302747949 9.999999999999616
0 0 0.09469292403204968 -3.0444903134963024 42.47127650637831
0 0 -0.12216257130675547 3.3304093291093517 5.6779538671603085
0 -0.05242969746000827 1.8070550335912476 -14.499339292901036 49.040569072762835
0 -0.0018309531982402625 0.056037926925757924 -0.09312133183650353 26.355024094110867
0.0022987225193107637 -0.10431574144809475 1.3684863339275146 -5.452011713776439 42.0000000000003
0 -0.003505291005290983 0.040343915343914356 0.5507936507936622 25.999999999999986
-0.006022189615939663 0.31254899614274884 -4.9989186161061685 23.821574259074577 24.999999999999165
-0.0059069098542782195 0.2831670279038684 -4.080312913207652 16.397090336564293 32.999999999998494
0 0.02621633442391446 -0.8924263651739069 6.881748722412117 21.986712287314205
-0.005420148033784027 0.2698246828928462 -4.391861547543072 25.330452880451432 8.999999999999192
0 0 0 1.0812500000000003 9.14375
0 0.006867992959717867 -0.27854472258769036 2.2516841390700844 33.76865044929035
0 0 -0.09132963256674585 3.4697991012423977 4.9429024583663885
0 0 0.29829491570417094 -7.423151709234631 47.517527028278785
-0.002048134800692306 0.07272775711074686 -0.5153872484434691 -0.9168119817098946 14.000000000000142
-0.004928626543209976 0.23103780864198034 -3.1479166666667475 10.272222222222593 37.000000000000796
-0.00584950029394476 0.2545855379188733 -3.296560846560895 14.089682539682858 5.999999999999037
0 0.0028784026349048713 -0.06541222115070253 0.30043298241901223 16.897594447331407
-0.0033725669755081318 0.16456851971557757 -2.5220664547870295 13.318826761473774 12.999999999999872
0 -0.05767651299916484 1.827656944349861 -12.014985200032658 48.09494895802626
0 0 0.1836632262451532 -4.298346969758642 33.57220854981464
-0.004543142043142195 0.257707570207577 -4.556705331705434 23.892429792430317 36.99999999999968
-0.0012923708236207998 0.06761909965034896 -1.1979336635586642 9.29254079254086 6.99999999999997
0 -0.030918561679516832 1.1193959315422302 -9.993312996159737 39.55352020174286
0 0.03145729896753931 -1.1487631987775675 10.457595946599326 15.770400616530077
0 0 0 -0.522639691714837 36.95809248554913
0.001916751012145767 -0.07619137989203878 0.6075109649123028 3.183805668016013 7.0000000000003
0 0.004436503511807706 -0.12039167227060003 0.09726204425033023 35.9045721497403
0 0.00882863219162741 -0.25624020595477665 2.1174166107006704 14.30826057756883
-0.0009908907741725665 0.07704935243635212 -1.7673673935284233 12.234464503504888 9.99999999999987
0.002261321195144687 -0.10750175070027837 1.3584267040149154 -1.1084033613444662 5.000000000000087
-0.002329971340387995 0.07683256172839441 -0.4486111111110987 -3.0710317460318426 45.00000000000018
0 0 -0.13950524704222775 2.5945829235333853 35.51527387850466
0 0 -0.01945473795659076 0.15974060349391198 37.15510852302803
0 0.017584192433092255 -0.6669876367073811 7.3365757967329035 10.97802404335115
0.003807659427407315 -0.16567422423514938 2.19094092182332 -9.249646222125692 28.00000000000059
0.002586034413765493 -0.13277310924369762 2.1401210484193873 -11.009933973589673 26.0000000000002
0 0.013962637594470513 -0.543537714794379 4.888020767914627 34.701710725739616
0 0 -0.02719692924528808 1.9101647939524868 16.07448195700817
0 0.05186505149913926 -1.8503023844697253 15.579133620641779 19.263230223158782
0 0.036405745790083946 -1.3102111923176067 11.627821222673584 17.301832210633318
-0.006209008487654138 0.2974778163580153 -4.450520833333191 20.548611111110464 24.99999999999998
0 0.027232068821582335 -1.030254481937834 8.246711880637536 35.189293877828774
0 -0.011470578927284744 0.4996840919496675 -5.768022972673051 25.687417430258243
0 0 -0.16558686114286655 2.9649595137798492 25.770665320338612
0.0015931780637662893 -0.0822461851873614 1.3044488191547021 -4.790395878631199 19
-0.0028376165280927673 0.11665406903502376 -1.3798469387755499 4.5257936507939345 17.9999999999994
-0.0016201824795574924 0.04347718253968324 0.11267210798459436 -5.72458513708502 30.999999999999577
0.002964462438146647 -0.11156695156695148 1.0612220722747026 -1.68749437696807 32.000000000000206
0 0.012082163271601188 -0.5755081684388289 8.4982188945783 4.752112515860073
0 0 -0.28002427615064457 6.6893470928774335 5.214578333153148
0 -0.04035912822232349 1.3806862333525312 -11.25773181092797 40.80941941291283
-0.0047373335299032635 0.24555137844611924 -3.9161826133963045 18.41468745392936 31.999999999999236
0 0 0.12384950281614279 -2.889713419208956 29.14628617923985
0 0 0.029252736207462073 -1.2683446692230982 31.11702468040546
0.0034995706048337833 -0.18282419335051028 3.1053981106612847 -18.059216660532503 37.00000000000034
0 0.020370786345011608 -1.0149041449980876 13.003693550801419 2.3120366446674248
-0.002158952158952229 0.14528249528249929 -3.115029415029486 19.923343323343737 33.00000000000007
0 0.016325638663381926 -0.6756398048407992 7.013692286365295 19.291148523454435
0 -0.0061728395061727915 0.29059829059828907 -4.457264957264948 51.307692307692264
0 0.041551920161697835 -1.4583852174017649 12.026087610385215 14.93676459972572
-0.0017501942501942339 0.1020104895104903 -1.890178710178753 12.050932400932803 2.9999999999997984
0 -0.02314341717316469 0.6685353560310328 -3.689029829849603 28.934175025942487
0 -0.0057769726248056 0.17550322061220286 -1.6762077294715323 39.99999999999994
0 -0.019817133242515248 0.631891621249884 -3.5919207158936826 18.337677744779615
0 0 0.10267768120455584 -1.291873591686142 11.898489049030283
0 0.005354707393846885 -0.24378984853175995 3.885137006952439 2.2707984969084825
0 0 0.114884521746049 -3.302814526570842 27.838986163518523
0 -0.007192793224672415 0.16874029813267596 0.9424177053371662 9.705382824270654
0 0.025655864197530846 -1.0104166666666663 8.263888888888873 40.00000000000027
-0.0019285766568375613 0.1011009421335525 -1.7869272434490084 11.6877548779724 16.999999999999993
0 -0.02021097588584762 0.9830289547659997 -11.96866009781845 46.96800308070293
0 0 0.06886993793305601 -1.683769081172816 34.43735578301022
0 0.028804681597429178 -0.9797356699628622 6.825418042498155 29.330656353187425
0 0 -0.15344806931588698 4.279273811444748 2.117056128461292
0 -0.018676399470662734 0.7082917496107377 -5.494573414160087 13.76161631412661
0 0.017132325526274805 -0.49422721882040477 2.7456342367102815 15.838990710629213
0 -0.0095520421607377 0.42902515769324095 -5.877960833386199 37.035762316453926
-0.004750623772363113 0.23219660774009862 -3.490732335297792 15.038286351331308 33.99999999999958
-0.009009950280646323 0.48502794710562114 -8.33209537056631 46.856077373741705 3.0000000000009166
-0.0019538139329806276 0.11611552028218863 -2.1516865079365415 12.059126984127195 22.999999999999996
0 0.03790509259259297 -1.7193287037037133 20.055555555555532 13.000000000000787
0 0 -0.18329012437837539 4.955157676968047 15.668410799014843
-0.0005305815508021379 0.029521780303030272 -0.7089822860962567 7.304122103386804 8.999999999999966
0 -0.04152448272469228 1.437123663583287 -12.233885078957854 47.02301174403817
0.003961180431768706 -0.20136589989531378 3.3009542200719046 -18.91216789746223 40.99999999999985
-0.0012507191428760072 0.05634826321100838 -0.7047565996095422 0.2475002122061111 41.00000000000001
-0.00537184009406233 0.26633597883597954 -3.961375661375672 15.340476190476272 45.99999999999958
-0.0017172642172641962 0.040128390128389584 0.27493478743479094 -5.139593739593827 26.000000000000473
-0.00207589285714284 0.06995535714285647 -0.38053571428570565 -3.2142857142857553 38
0.0007082521117608886 -0.01702079272254743 0.0035672514619950937 -0.2808479532164289 43.0000000000001
0.0020897247788004376 -0.10123382686408106 1.3349050731404144 -2.1153928237965265 2.000000000000569
0 0 0 -0.5518292682926829 30.649390243902424
0 -0.014823764518129529 0.5217610077630477 -3.8339710260800683 17.11162159005709
-0.003967868138991102 0.15385443433571758 -1.5263293747251192 1.363559969442529 37.99999999999975
-0.007311899540518171 0.30392844089391047 -3.5328346908940262 11.179949874687331 23.999999999998995
0 0.024748093412889704 -0.9046514590304726 7.609135136315497 17.617054153937012
-0.00188757321110262 0.09068578480343173 -1.1030516052574877 0.5820385496856122 42.999999999999986
-0.0026080571117335196 0.1445426781823813 -2.57124717942729 15.382131185807507 13.000000000000075
0 0 -0.029777521250918107 1.7330412425228194 15.0041767236856
0 0.008524606135870166 -0.24150359004850364 1.229506102657502 18.118598857347152
0 0.00393028054928251 -0.11373781113905125 -1.3637676525785078 49.218210059097245
0 -0.011275957607404798 0.3196590590839978 -1.9388793776982358 43.85213709215904
0 0 0.029164288614986076 -1.46065033311016 33.899084633030036
-0.0026093010303536537 0.14310359231411873 -2.4673823447507797 12.485484544695245 28.99999999999939
-0.003156966490299681 0.15400352733685418 -2.237195767195681 8.628571428571137 31.999999999999897
0 -0.059966412579433984 2.133044240219816 -17.266468976926795 47.017016444036514
-0.0020104405398523395 0.11512859689330468 -2.030029284441086 10.115627705627979 26.99999999999966
0 -0.008545057475021793 0.48079091778359234 -6.123333364249519 24.842961171902964
0 0.028172835754803994 -1.0861894848675726 10.204111098543027 8.884271500278384
0 0 0.017258253533467834 -0.7607261501780836 44.539427659743474
0 -0.05145230851336395 1.850610545843461 -14.45849061826021 37.35621443125127
0 0 -0.030653712251041663 0.7570977326821199 28.029255507217616
0 0.00829897207611365 -0.18860631084121549 -0.5213277490972197 39.189199477232606
0 0.004881413326596597 -0.17138678556767334 1.0579913949990862 32.2304942298043
0 0 0.2206550529747351 -5.617822942135285 45.31265281173593
0 0 0 0.14143094841930132 34.55740432612312
0 -0.04031021623514969 1.4612544215691867 -12.894489843225621 40.24159033793176
0 0 0.061641626670271996 -0.4948194810608617 25.46122321368215
0 0 -0.025496942185711913 0.7461199481649302 13.161266548951545
0 0 0.19061390368397693 -5.120408899245447 40.87566577896138
0 0 0.0534472104151184 -0.9277175592280547 21.388829969352575
-0.005632236791656987 0.3377578406563864 -6.537232574189007 41.20510697032385 14.000000000000346
0 0.06181479308054552 -2.4246952056653948 23.227077498879886 13.529681582965688
0 -0.008317637908739932 0.3534595313098057 -4.04882328406647 39.50938447464564
0.0012947122322122045 -0.058728597791096473 0.7383155039404848 -1.831668331668252 21.000000000000036
0 0 -0.0683181573831029 2.503038827264885 7.5837299743479365
0 -0.007148960482961743 0.28763213283229805 -3.5717035512161197 47.01148660205484
0 0 -0.07233035030237826 2.392101488255334 23.69763802630937
0 0 0.10191088691728661 -1.8875387507050125 15.24204809776472
0 0.05995068702781444 -2.3161952361585296 21.748759808774203 14.074889519823838
0 0 0.07224476931153154 -2.186028972166013 35.35711123126169
0 0 -0.03344390506194142 0.9289991034997874 20.15674502705168
-0.007600019174336132 0.36499693627449625 -5.390540174402886 23.905727290915454 35.99999999999951
0 0 -0.12677500189839783 4.009985572177084 3.2138051484547057
0.004985502973119197 -0.23395129981817947 3.027320752862669 -7.111009140499131 21.000000000001943
0 0 -0.13322354604207493 2.307663051318708 22.406578659604914
0.005944889397406743 -0.28743802440885613 3.7748474446988003 -7.880854309687481 19.99999999999974
0 0 -0.0840511904653616 1.7676411937299596 27.984718057252703
0 -0.0322645983939152 1.1146993741206743 -9.396871907299001 38.002625328551815
-0.002866924741924789 0.10433004495504723 -0.863380369630408 -1.0322760572758158 46.9999999999995
0 -0.023465251316097873 0.8109279140388038 -7.3242400694082965 40.22199088949581
0.004659024103468585 -0.24678130511464041 4.119973544973577 -20.93134920634932 41.99999999999992
-0.0037656239958871454 0.1779283947047109 -2.7725120091896653 15.484518989782455 19.999999999999332
0 -0.020723627126950497 0.7600312826791208 -6.515310123705055 36.89073167693273
0 0 0.0804996549974053 -2.036325066576946 18.890018305096348
0.0013090168727423633 -0.0677154363428873 1.0298006323741624 -3.1819730922672087 18.99999999999995
0 0 0.07502015018337609 -1.2230519356553555 24.387471348138522
-0.0015129079822061907 0.06297452141750208 -0.5394586894586678 -3.3702091767881566 47.99999999999977
0.0007081766272942839 -0.0368374884919009 0.4126609909698282 2.8163625590095225 5.000000000000151
0 -0.01793119044829059 0.5927028881232878 -3.0942674652129263 24.561069482504163
0 -0.008435484419809194 0.508892207240406 -7.53731717441549 44.70086204458305
0 -0.012914012303716318 0.6333431312740002 -9.0206568796796 44.23918608670578
0 -0.0016098484848485486 0.16306818181818394 -2.819696969696985 25.999999999999982
0 0.012297918401238986 -0.5995309951628487 7.97715982724347 6.856195495663517
-0.004518519364267451 0.18645909450736847 -1.991137079831936 2.8091965046888054 32.00000000000015
-0.009224752703013291 0.41219231654012717 -5.580377271681346 23.362594893028216 21.99999999999825
-0.0014901250355212115 0.09120192763094462 -1.648875153926154 7.765181869848878 29
0 0 -0.22793911523848703 6.08458472049868 4.280167228198875
0.0011324596728323304 -0.049298113894386604 0.5554677723932288 -0.5073021181716332 35.99999999999997
-0.007417713970917885 0.3774136428026742 -6.008092074994567 30.63809614616479 1.9999999999989164
0.003745151906916617 -0.17143395819866517 2.2755696509373267 -8.099024994613407 38.000000000000306
0 0.009331375673342092 -0.45970754907659644 5.4087589637875295 22.06286945745298
0 0.027201661827621754 -0.9525171108979144 8.781909749989454 6.933874303970582
0 0 0 -0.3766233766233758 21.974025974025945
-0.0022850529100529133 0.10736441798941883 -1.5240806878307165 6.616269841270081 4.999999999999935
0 0.012312850474726815 -0.44398726869882926 3.6302757872951896 31.501211356304793
0 -0.003599583896996575 0.17615401132002514 -1.4584992075124483 21.144790623654664
-0.003809561897797271 0.20248253924724918 -3.4308532698239356 17.582252877841686 20.999999999999044
-0.00280533509700177 0.15973324514991327 -2.830886243386291 15.840873015873434 20.999999999999453
-0.0013030152252288222 0.08685596846393932 -1.8793555580126633 13.921711363971404 11.999999999999751
-0.0027074374900463148 0.07876652333174738 -0.09923952858746216 -6.976819557253815 46.99999999999997
0.001269315367780802 -0.05491478541350492 0.6969422485726595 -1.6843798784334854 4.999999999999884
0 -0.011731264758638506 0.2537366100576826 0.039992398843190245 30.158712446279228
0 -0.009448054938768375 0.24620867795306342 -0.5490141774860249 25.896485605965097
0.00050414759725401 -0.042228022501907124 1.2219107551487418 -12.180186880244065 48.000000000000036
0 0.0017183961900389688 -0.08840021527054524 1.9726926262033246 16.397509862624435
0 0 0.09895719674533156 -3.410005611497334 41.80185179412038
0.002379717912806154 -0.11964801946419609 1.6118321527328887 -2.4555995475113086 9.999999999999972
-0.001549839049839019 0.03695332445332313 0.2120490620490779 -5.365984015984058 33.99999999999992
0 0.03379704919326446 -1.250199408310034 11.09582311919518 24.05194263921155
0 -0.04359716664813985 1.3206142039328652 -5.318778707316962 16.615558757862743
0 0 -0.2406971682746981 5.645251758085755 9.390968146648639
0 0.010753639762508514 -0.2840127599446396 2.0825631146925745 8.007070160624838
0 -0.005121035058430661 0.22301501179213853 -4.196438641121433 45.51069242388105
-0.0023311283719070707 0.13807478976561438 -2.5852818824792956 14.449538221085852 30.99999999999978
0 0 -0.04988845762541437 1.6885549265438289 10.828235697941807
0 0 -0.2237131389962504 4.742706172065451 19.063238612223657
0 0 -0.006407713403591284 -0.2516543916840531 43.372118828730926
0 0.02502678825915684 -0.9262689237544393 8.174275558575024 13.204134461966722
0 0 0.07154706994616347 -1.0809808250211932 15.845864652127508
0 0 0.16299114058315006 -4.68469826738617 47.85053923695027
0.0037454747981064116 -0.2186299081035938 3.9064466722361666 -20.934670008354306 42.00000000000033
0 0.020264775236787422 -0.7968752762831816 7.909746065709441 21.910024105796055
-0.009932255244755946 0.4986013986014303 -8.011920891608828 42.02019230769416 11.000000000000549
0 0.04374710826650218 -1.4648916366124107 9.633024684034847 48.41655198595382
0.003929592670401268 -0.21179753151259403 3.3371877917832258 -13.21148459383702 30.999999999999932
0 -0.007837635373807387 0.29799232535445014 -2.1805433314722467 16.422731059923777
0 0 0 -0.8856275303643723 30.044534412955475
0 -0.01089638157894739 0.31947055137844665 -0.6370614035087717 9.510025062656625
0 0.011610870662475951 -0.38865371286621775 2.4342165816965275 43.01126472204156
0 0 0 0.27185792349726773 26.70081967213114
0 0.009299735885710017 -0.39828353914586917 5.13669394011295 16.437088570396615
0 0.031160332208442904 -1.1652779611589434 10.940336845174723 10.924476569440714
-0.0056398809523809405 0.2589880952380947 -3.636011904761904 15.761190476190592 11.999999999999497
-0.001319490050140219 0.09028989586265196 -2.079503601546958 16.80840354004451 8.999999999999954
0 0.039610529343930445 -1.5162004258066906 14.971393490422349 10.317394064496185
0 0.036382178427632646 -1.2205578512396542 9.795586988768639 13.000000000000062
0 0.03365076599033223 -1.6416377169872967 20.596435357862607 9.998559154542411
0.0033471937419305886 -0.18672989291410372 3.4299024075339934 -21.032845750740613 45.00000000000023
-0.003909465020575946 0.25895061728394125 -5.617592592592444 40.46111111111038 5.999999999998987
0.0011817226890755846 -0.06801470588235088 1.1620710784313437 -6.257703081232378 43.99999999999993
0 0 -0.0650289004016135 2.685037604869706 5.692211990681416
0.0027338402338402366 -0.11912069412069416 1.3546495171495154 -1.3990093240092891 8.000000000000037
0 -0.009554004551137077 0.45144310439452146 -6.616609260255821 37.200562653624196
0 -0.01714026714026702 0.5234672734672696 -2.5237540237539893 13.999999999999895
0 -0.0021991733698986647 0.059163202006204466 -1.021684374931267 26.48247871708572
0 0.010686396338644138 -0.4451229417361731 4.98575956723215 17.0094233837016
0 -0.009022852546424933 0.23240390389356183 -1.059066052242108 42.04334241133949
-0.008715503246753006 0.41212797619046493 -5.9888798701297015 26.497186147185438 16.000000000000483
0.001593970921701976 -0.05509537148192436 0.3649393090569331 1.358003201280594 32.999999999999865
0.010696670126494673 -0.49654428579867027 6.666127439811635 -20.931651097440675 21.000000000000927
-0.005606893106893166 0.2638111888111933 -3.833071095571197 18.256485181485843 5.999999999999444
0 0.03675446097115216 -1.3238080571413624 11.143839076371327 23.48594411061911
0 0.01962152650115617 -0.5757659603642882 2.773098101793496 38.626352381698695
0.002114711099086083 -0.1278223079004333 2.484520051707581 -14.778264790765123 33.00000000000045
0 0 -0.11109637943095353 1.82155054757149 30.730360997573175
0 -0.01795653620140311 0.597584866188241 -3.6516236298765796 24.191592331635533
0 -0.01319292869935069 0.5633793653458659 -7.093975263040035 36.74882471457352
-0.004744757985498794 0.21230158730159163 -2.8628527336861525 11.139285714286284 35.99999999999936
0 -0.007377607468453783 0.36966624840719753 -5.616027679005507 35.06970514494892
-0.0037103810541310855 0.20068331552706756 -3.3774884259259776 18.175106837607277 8.999999999999192
0 0 -0.08453224513382471 2.352494199175953 12.683032621026939
-0.004162992357436806 0.22132936507936618 -3.7923941798942122 21.49761904761933 9.999999999998852
0 -0.025700885792668434 0.9287571234409512 -8.303254670519483 35.194655170425825
0 -0.012538484683096129 0.15984000867654666 2.2795181017954853 33.05410946443315
0 0 0.11088626878485974 -1.8957017017761653 23.33116058933744
-0.003109217171717154 0.11669823232323154 -1.2337121212121118 4.539393939393899 25.999999999999893
0 0.005945744226562685 -0.22291543044193407 3.502595612449995 8.485041466288143
0 0 0 -1.388020833333334 39.31614583333333
0 0 0 0.6994355597365948 26.687676387582314
0 0.02118331809590155 -0.7825720512848434 7.812448074823056 16.553771808574343
-0.005928957231040577 0.29520364858906634 -4.359978505291031 16.522420634920838 48.99999999999979
0.0031147387184540277 -0.1477530725208806 1.9110423116615871 -4.65072708509262 32.99999999999946
0 -0.02872904823836571 1.0788766598838289 -10.950921605380458 46.03542113206046
-0.0025276951058200926 0.11702628968253886 -1.7896660052909956 9.904365079365093 19.00000000000003
-0.0011569940476190527 0.06412946428571463 -1.0871130952381025 3.896428571428618 31.00000000000006
0 0 0 -0.7026143790849667 40.43660130718952
0.0032278138528138607 -0.12954004329004484 1.5417316017316522 -6.591125541126044 39.00000000000063
0 0.02174115658589395 -0.8558104551828472 8.224178520592073 21.984947750326782
0 0.023766541868769434 -0.6919341177879078 3.930510217121545 22.22090475929676
0 0.00683524034266682 -0.1573416672332472 -0.4800340041624477 42.08089610080567
0 -0.04166950280738811 1.4028678311694645 -9.553087693184992 34.21811890962481
0 0.012535385674701685 -0.47953786439118556 5.135647197871461 11.605741327589104
0 0 -0.03609091122123579 0.5206447971663611 27.250572236434643
0 0 0 -0.14941785252263828 33.83441138421732
-0.002064346472241225 0.0912807587149702 -1.2018901420217394 5.0551720209615985 10.999999999999812
0.003338309007813608 -0.18824819401444742 3.3035926212590665 -18.62904688191125 44.00000000000148
0 0 0.06685657399401267 -1.7193173238273545 27.64726747403802
-0.0009827599301283556 0.05131009341535732 -0.8776684134579108 4.42843472317178 22.999999999999563
-0.0062827214219020105 0.2774734893957548 -3.5346711601306904 10.943052220888418 32.999999999999915
0 0.04533333333333364 -1.986271062271072 21.459424575424638 9.979140859140859
0.0021397447868036932 -0.12278244631186187 2.200241207594202 -11.079598506069324 19.00000000000003
-0.0028103298611111267 0.12248263888888977 -1.6355902777777933 8.012500000000113 18.999999999999723
0 0.0010674643734715418 -0.00414838663494805 -1.6013876127081246 45.08488724841324
0 0.007393018096030541 -0.42374451673511115 7.175749149749241 6.143095181627207
0 0 -0.02115967898401479 -0.3413961941274893 22.1513013639444
-0.0021247753018586698 0.10274545092253572 -1.3464037698412878 1.5052045177045956 47.99999999999992
0 0 0.014309252584055085 -0.020544939280946365 32.24537835726426
0 -0.03262526024413559 1.160241765988123 -10.395579284739137 38.0270774600504
0 -0.0017035792047903806 0.10708888474437504 -2.033143041281199 41.33437142374724
-0.001142570879412991 0.06129280076648523 -0.9558238545080685 4.346685770370008 12.999999999999947
0 0 -0.2699275902512722 6.186032671358142 20.267347030057252
-0.0039609053497942255 0.18703703703703672 -2.6837962962963053 11.475000000000154 27.999999999999623
0 0.011288807373578043 -0.5187912088085687 5.213613339571082 18.819683266961615
0.0032806374911638113 -0.15403251719041267 2.0717788059893443 -6.5181607865819 22.00000000000003
-0.005613425925925899 0.3051504629629625 -5.339236111111119 29.308333333333426 19.99999999999984
0 0 0.013764238867794206 0.08921585548268518 8.081406052237938
0.0006056808688387966 -0.02825814536341032 0.5507727652464792 -5.523120300752016 34.00000000000009
0.008229222045011367 -0.42033714336345207 6.488087010455338 -28.360659223816725 44.99999999999952
-0.004078251183514203 0.22047062099693127 -3.8948468393204694 23.279657477025903 7.999999999999428
0 0.006718749999999934 -0.3156249999999975 2.7549999999999772 32.20000000000003
0.0023315270164008875 -0.1025263252153969 1.1329544055383798 -0.9084385502450069 24.000000000000266
0.005088584255251007 -0.263151354818026 4.179455266955343 -20.36800144300183 37.999999999999645
0 -0.009935445955050502 0.1300159224596106 2.416838257040851 20.1172507050272
0 0 0 0.42455242966751877 6.790281329923274
0 0 0.027352479376604497 -0.9907163566580577 26.29479202146662
0 -0.00957080578465824 0.3677315221142867 -3.8388116969895267 28.770596487646134
0 0 -0.26753356123920274 6.765970502223732 3.908863404553154
0.002109348984349028 -0.09399558774558976 1.1226721195471505 -2.420646020646208 18.000000000000085
0 0 0.0044878147241121475 -0.3446308879753412 28.989848734876453
-0.006421664515608629 0.30887387069452477 -4.7024607768008995 23.72079938694905 3.9999999999989515
-0.0043917416000216775 0.20228383926034324 -2.9285288451129428 14.730636747452667 6.0000000000000036
-0.001165110930735931 0.03366477272727275 -0.10950351731601699 -2.4063311688311853 47.00000000000007
-0.004289452495974399 0.1739412238325351 -1.9462942834139367 6.776642512077716 10.999999999999632
0 0 -0.11456776639711633 3.557365172627278 10.816315960542251
0 -0.03169486128106476 1.2311696141366713 -12.90762047370146 44.70571849757172
0 0 0.011344241994728116 -0.6323903872120029 38.05573925306229
0 0 0.13301897951312525 -3.450999751805978 32.86365352721115
0.002768065268065349 -0.12791375291375653 1.7559731934732432 -7.522435897436132 45.00000000000005
0 -0.00922619047619047 0.3767857142857136 -4.3952380952380805 19.999999999999993
0.0014917739424318373 -0.0863657723855097 1.6171962814232717 -10.313308840282671 36.0000000000002
-0.002643119551014287 0.1264964494569758 -1.9149008204271376 9.34248280958811 24.99999999999985
0.0013592060960482039 -0.07677653730285317 1.2824968988126897 -5.26297182349816 34.00000000000016
0 0 0 -0.21561668145519097 31.614906832298153
0 0 -0.07715463075696913 2.213248668788785 9.546769643005566
0 -0.013298418736088554 0.4056646544940012 -2.0071995683711323 19.99827390811613
0.000819088319088313 -0.061111111111111054 1.5728988603988634 -14.247649572649612 46.000000000000064
0.005043651921316082 -0.23974298253923387 3.339936771810208 -12.664968741119752 41.99999999999982
0 0 0.033400606608217295 -0.988427309503374 29.295589579893804
0 -0.01160038884281577 0.5504503878766129 -7.047745033525559 32.94792681708174
0 -0.007124700956937822 0.3553005382775132 -3.79838516746413 22.999999999999996
0 0.004815848143337417 -0.20923712609855602 1.2266880636442916 39.97892556784132
0 -0.022345629700815706 0.6009069874339282 -2.1265942069170523 16.442651076729067
0 0.018579369546861776 -0.7160181536729501 6.107718829158417 28.00000000000008
0.005222036735194645 -0.2608085335716925 4.028627666193477 -19.52578447867941 36.00000000000033
0 -0.023820984264985377 0.987083092278543 -10.056288707093533 41.18713897015945
-0.0031302031302032555 0.1310189810189873 -1.4149517149518167 1.5138361638367261 44.99999999999949
0 0 0 0.6836115326251895 12.95371775417299
0 0.015483539094650212 -0.5600308641975315 5.397222222222232 16.999999999999993
-0.004795975629309009 0.23349366682700248 -3.4600709475709825 14.057251082251254 32.000000000000306
0 0 0 1.090399002493765 11.933291770573582
0 -0.025284215183518807 0.9308482132075463 -8.628189478470572 34.365395428564206
0.0034781397939292876 -0.1380604288499035 1.3688206627680448 -0.8273600668338175 19.000000000000078
0 0.017753221569771042 -0.4832928040236719 1.7075881097994141 39.935013754835516
-0.005371831877123768 0.2693166649330897 -4.149373201407758 17.88542836835215 31.999999999999897
0.0022918407128933523 -0.12573517126148767 2.4197800055694945 -18.042000835421977 48.0000000000001
0 0.011867559523809527 -0.33549107142857104 0.29940476190475634 48.99999999999997
0 -0.012167659271163494 0.5175545583376582 -6.063615345976959 40.683170912072036
0 0 -0.05281801357565273 1.0914420796170474 22.186440600002754
0 -0.05131172839506189 1.8194444444444504 -15.23611111111115 41.99999999999987
0 0.002968618008776758 -0.1898719310407281 2.3810712334945823 36.54164460057912
0 -0.02569444444444472 1.0131944444444523 -9.641666666666676 40.99999999999988
0 -0.02618675278033341 0.8691243994055927 -5.780235626639873 33.1476443634213
-0.0021590124850994438 0.12035573122529653 -2.1426414768806112 12.403016186711865 28.00000000000008
0.0035688737217376837 -0.151738847452866 1.6364791490760342 -0.835033774275769 15.000000000000211
0 -0.010638233337247041 0.16607081463016515 1.2608448487640211 23.29174411358279
0 0.009099153719125858 -0.30862698071971173 3.1421943951528526 5.964775340394406
0 0 0.12669744993455367 -3.937495469913835 43.826083063659944
-0.0019278067129629667 0.0876519097222225 -1.247800925925935 7.859722222222308 2.999999999999976
-0.0009942680776014227 0.048547178130512014 -0.48776455026455967 -2.2620634920634317 42.99999999999987
0.0020858134920635147 -0.08111855158730323 0.7197718253968626 0.6154761904759362 29.000000000000075
0 0.006881265565181952 -0.4997747825783077 9.183688649967477 2.281404815246181
-0.004228445165945185 0.17503246753246993 -1.9010624098124802 1.6358225108231643 48.99999999999928
-0.003289857072751842 0.1476996687523019 -1.9231455496258336 5.934468163415597 40.00000000000009
0.006286113479208186 -0.3058823529411806 4.438641422752747 -17.238391588519782 22.999999999999435
0 0 0.07543530393076846 -2.5156188093003866 34.63371911166718
-0.010788633635272184 0.47534945796500344 -6.2410209538361725 24.666953144895565 14.999999999997872
0 0.01940986476820315 -0.6680848174033377 5.994966029736815 14.85758152303415
0 0 -0.30860902549663705 7.597141254256462 13.682660722665423
0 0 -0.16368868356090582 3.2914343395687076 18.710476052507097
-0.0016929262311474104 0.09950796206835338 -1.8688011114269383 11.770986075590107 9.99999999999959
0 -0.040953053441453606 1.5004812523095972 -13.97024835681336 41.14234999564017
0 -0.008292299444233058 0.35158388613191704 -3.4357074356081894 28.691376781799697
0 0 -0.03870199761926193 1.3974572117356376 13.07083395852714
-0.002744708994708999 0.17665343915343984 -3.4630621693121975 19.30396825396852 36.00000000000012
-0.003437928669410061 0.157896090534976 -2.3091049382715747 12.912962962962975 2.9999999999994933
0 -0.03782757980697836 1.2542622494432023 -8.676793885401851 33.78075858810807
0 0 -0.017068898710313737 0.7310845854036035 12.714546807565474
-0.0025977204769774154 0.13325773813389805 -2.2546758367191733 12.266650789870626 25.999999999999794
0 0.02394805349471381 -0.9549025956414979 9.44900721871367 6.240002876480224
0.004621015072695824 -0.2099106309190379 2.5224531479258743 -3.8029311724689356 18.99999999999957
0 0.007867132867132946 -0.2823426573426602 3.2447552447552677 22.999999999999964
-0.0031124739458071684 0.20210237293570044 -4.221645021644918 28.01868686868632 15.999999999998755
0.0021429573512907977 -0.11654391133558387 1.8390361952862904 -7.0068181818186535 27.999999999999776
0 -0.0352822088882384 1.1456168593589908 -8.79394892877256 43.01007809693604
0 0 -0.22220397640160658 5.101593514894096 19.96677252734643
-0.001956730633201188 0.09238278061807363 -1.243201215995329 2.132525154584046 48.99999999999989
0 -0.018329627916777575 0.6303239680271747 -4.619355885649952 15.937501506575009
0 -0.0030208830218866247 0.22120529333515443 -4.377204434021871 48.71494837314064
0 0.010875496031746002 -0.597780257936507 8.499107142857136 8.999999999999954
0 0.029630809476449346 -0.9325998343754169 5.9392051076153125 24.38465460612133
0 -0.01780088660146154 0.452848593725242 -0.25642187716150816 3.1157593625200306
0 0.004780125506991931 -0.07048098592319763 -2.2583318277417153 45.69778567267525
-0.0001495443856554978 0.0015053644914756572 0.05031966490299735 0.5342063492063525 6.99999999999999
0 0 0 0.4132481506388701 16.984868863483516
-0.002232142857142853 0.09880952380952375 -1.4767857142857175 8.719047619047673 21.00000000000001
0 0 0.09896579095088211 -1.2903930684610607 21.93741499856673
0.001271413771413755 -0.053664853664852914 0.44736790986789987 1.3064352314352556 34.000000000000114
0 0 0.06441891388111647 -2.1324914438293923 37.351907928471356
-0.002220957827575401 0.13122860255212876 -2.338457535792053 11.446160130718782 26.0000000000002
0 0 0.10820657979448463 -2.750143568089635 26.92659504447311
0 -0.015494115564916278 0.5049190873176289 -2.140753284334055 10.42239328246204
0 -0.008954036159918615 0.3569614209320152 -3.951215940921909 22.000000000000117
0 -0.019772570546141333 0.768384160486603 -8.206402910090304 46.14242617410842
0 0 0.06078828763585742 -0.831933982826962 25.641676422730892
0 0 -0.07878505915193426 0.34950152864549083 38.049448358367655
0 0.029103471060820937 -1.0554109391290702 8.937366369915392 24.733810288966673
0 0 0.10027995956139683 -1.8094719651605926 26.810094097519276
0 0.005840691263082411 -0.3309682767788922 5.917813745271243 6.328936879655385
0 0 -0.18126246493603382 4.73420027132349 8.552662159021507
0 0 -0.09539562153730291 3.13272551234468 8.87504706578452
0 0.022955832107617802 -0.8596403892960004 8.195215441388898 15.747458829091546
-0.0002467672805202307 0.021574770258984913 -0.7497577730558815 9.728429770077513 8.999999999999961
-0.006872140205473188 0.3406651989985169 -5.3934990934988845 27.179623154622334 32.99999999999809
0 0 -0.12124384320935168 1.8317041447720495 29.221266892587128
0 0 -0.09820006371455876 2.5035043007327182 3.675692895826687
-0.0009063296100333189 0.06340388007054726 -1.3029541446208242 7.362698412698505 17.999999999999805
-0.007455406911928391 0.3876811594202762 -6.456173355629663 35.2490245261975 11.00000000000065
0 0 -0.03961271385244737 0.29404394343327445 27.57950256252121
0.000683417459733251 -0.028282901309217217 0.11548002436160582 3.6968676060781105 20.000000000000032
0 -0.009853165387046494 0.4130173590713789 -4.1883217808832205 27.717562140711358
-0.00245749620749617 0.11680241055240895 -1.796668146668129 8.939274614274565 28.999999999999897
0 0.003694100922181401 -0.09126322016610314 0.9324826065206195 23.008879814343654
0 0.022429880796811446 -0.7585793314338678 4.482249040103116 38.38805331905962
0 0 -0.08032580575459729 2.2588065079392874 24.158867534469785
-0.0036142676767677083 0.17686237373737526 -2.7863636363636655 15.546969696969951 9.999999999999464
-0.006869680239245222 0.3804290315159756 -6.745292730618605 37.43469634230393 33.99999999999907
-0.005993967452300925 0.24210157126824502 -2.833459595959707 10.746464646465233 18.999999999999417
0 -0.006951201533244853 0.36518133569217076 -4.5521266401297265 39.999999999999964
0 0 0 -0.38913624220837006 32.892252894033824
0 0.03471976120557765 -1.5062271090498278 16.685706082864073 3.0558897113594923
-0.007936507936507948 0.361557539682542 -5.123710317460393 24.217857142857795 10.999999999999329
0 0 0.017079507163618536 0.2388301566478905 10.797901072613625
0 0.015464855899607185 -0.4879751572527314 3.9338072239941866 13.247700103312349
0 0.02628023018648004 -1.0297694493006948 9.86872086247083 6.000000000000155
-0.007927127220605814 0.4178569618787205 -7.008307543905748 37.598377709249824 15.999999999998042
-0.00243720525649869 0.11839864417989242 -1.6802726736829765 7.362517253278008 3.0000000000003064
0 -0.014131621167966889 0.4056930004438558 -2.344653335304227 37.259119367144535
0 0 -0.004838606034445321 -1.091930720800387 36.50896827159615
0 0.04720569732758963 -1.707004482489625 14.266853306475838 26.11256604345845
0 -0.036533751906146716 1.3060820511630498 -11.498883017959582 43.08364893099632
0 -0.006544662005204385 0.3143559076859833 -4.449097762730794 42.90862448082089
-0.0037177390892560824 0.1915334235767661 -3.221161750186502 19.29532186080162 12.000000000000414
0 0 0 0.32432432432432395 15.351351351351354
-0.007451499118165045 0.39360670193999714 -6.769841269840651 37.934920634917454 29.99999999999961
0.002131246251312068 -0.09633015163442957 1.1444231237817117 -0.6923358074676671 12.000000000000439
0 0.032417399958878185 -1.08808008061335 7.065419255964361 44.15010518144496
0 -0.00524992035291318 0.18765211890800168 -0.757047371175337 24.98105558893765
0.0008962391774891826 -0.04989515692640712 1.0619115259740282 -10.760876623376634 49.00000000000004
0.0031349206349205075 -0.16527777777777322 2.3994444444444194 -5.057142857143204 9.00000000000097
0 -0.0144242946177023 0.4023015363262366 -2.3600036877022723 27.028286199654232
0 -0.021145409127167423 0.6813844339952705 -3.2642713927129736 7.978172505524633
0 0 0.07398393769773663 -1.327338642676714 24.18330829717777
0 -0.030488546210610597 1.0572193179257228 -8.875385441292723 44.553729963583784
0 0 -0.18012717059159394 5.28654488245837 4.328921653656461
0 0.02425138212544935 -0.747754325932031 4.876321524529087 15.827968441546899
-0.001833175935006672 0.11158330609131968 -2.2530613066483562 15.143311176492631 11.9999999999996
0 0.0430253545742701 -1.5704888609927095 13.672045009606276 23.224481262160932
0 0 0.08713163527235561 -2.261140365201858 37.94996940282333
0 -0.02486226342578717 0.876304190831473 -6.642989825132382 25.921661998865417
0 0.005399754990057443 -0.2518700729631858 1.7407437706292257 46.004015063088644
-0.000556184012066368 0.015225705666882375 -0.16658182503771454 3.4583117862530353 4.999999999999891
0 -0.014217751149527015 0.5447801860887612 -5.602387635870832 37.93409657623465
0 0 0 0.7898627243928201 23.533262935586052
0 -0.02269161370258782 0.8297149726691692 -8.401188340936796 44.09380275451711
0 0 -0.03049670875104817 2.0637369100347107 2.7684686103271625
0 0 -0.05196167934903133 1.9410456192830214 11.814843951070504
0.005444677871148389 -0.27864145658263 4.280689775910328 -18.464635854341683 29.99999999999981
0 0.0015937229213214069 -0.05954939339411406 0.9530822403295122 31.416787338462843
0 0.015024405957451064 -0.5892663982485723 4.475376675607193 33.03131739905444
0 0 0.12259357156692284 -3.7713303720411298 44.26204516040911
0 0 0 -0.09492140266021803 27.368198307134218
0.0004650297619047601 -0.00799851190476179 -0.11681547619047815 1.3154761904762 15.999999999999991
0 -0.0030240821318470034 0.2673127020314748 -4.888618254274575 43.8403668768867
0 0 -0.006191133506237999 0.32034936958512583 8.371330289455724
0 0 -0.008318424802082548 0.3619130770137235 15.991901185897786
-0.001784068757752923 0.059026670210878804 -0.3669741272372656 -1.3623498139287271 32.99999999999961
0 0.008944394241798216 -0.2294011986950881 1.8961285776442163 8.763825945076263
0 0 0 -0.4395725865880621 30.523212969786286
-0.003988463227593712 0.26054440728354067 -5.393949951015223 34.9344025539681 26.99999999999971
-0.0037790993931344713 0.21545848563392347 -3.96349469244204 23.595388237493346 10.000000000000785
0 -0.005059523809523843 0.28319036181326135 -3.8406163025658713 33.86882839605014
0 0 0 1.0033076074972431 2.7629547960308853
0 -0.012735316104041852 0.28075171685939615 0.4798585862000293 10.558098758343062
0 0.01644525184292157 -0.6639680106451117 6.957048584938528 12.855672281226221
0 -0.028474897636416006 0.7839445645664722 -2.5107661253113824 9.041044301412098
0 0 -0.1370709021559945 3.211779180269581 16.8959255907166
0 -0.007375706752856722 0.3925162246628825 -6.11126972308233 40.34313371750446
0.007477219282774975 -0.3623787477954218 5.179232804232924 -19.478174603175272 43.0000000000009
0.0030754247472513886 -0.14438860073535106 1.9769057224165845 -5.459241687105699 15.000000000000364
0 -0.0768841011878136 2.581097557578842 -18.94279315907983 50.13687700401566
0.0035529528950581295 -0.19157830473619808 3.117776010539151 -13.843541546173098 27.00000000000032
0 0.0024814040770482428 0.002069648911094326 -0.37273463593753337 21.26002015788319
-0.0075841829953672965 0.4070460241512921 -6.926370020695761 37.993116313511514 3.9999999999998663
-0.007581721397511047 0.37076398260609655 -5.515285275153829 23.15817588843967 43.0000000000005
0.004196979717813068 -0.21563877865961378 3.5845238095238647 -19.964682539683018 40.00000000000029
0 0 0.10850255321057736 -2.0120916366248194 18.570787529768587
-0.004482237339380223 0.22431594860166457 -3.467210884353784 15.302857142857558 47.999999999998906
-0.009480180313513728 0.4032146865480241 -4.90859094609101 15.65020257520285 39.999999999999986
0 0 -0.31782928617146106 7.328289297298636 15.692039109391883
0 -0.024487291789388656 1.0378890789293236 -10.503684752913498 41.85721127234806
0.0036042250269224052 -0.16491889415409205 2.0655806334260363 -5.65545894164321 41.00000000000041
0 0.009015375248439372 -0.08574272877417875 -2.947861321837476 44.626263191781234
0 0 0 0.09665621734587307 17.76280041797282
0 0.020313681027966733 -0.6769112406867507 5.379818594104309 26.546647230320783
0 -0.016403738887565494 0.5774504312214372 -5.169282698635417 31.187061360328585
-0.009310888386976121 0.40320910973088225 -5.145615706757447 19.751717485415014 14.999999999997872
0.001683954831932863 -0.08821669292717561 1.3846244747899965 -4.905497198880008 22.00000000000013
0 0 -0.26658022834236017 6.009917890313392 15.185441460552244
0 0.02684215507698427 -1.1341400251702805 11.64665957592582 22.981611362214295
0 0 0.02168448606670089 0.6386828637525419 17.825870462626764
0 0.012226977397012824 -0.5608363729422298 7.043883398558333 18.122392063671086
0.0005001653439153344 -0.026364087301586837 0.31094576719576084 0.975396825396843 13.999999999999977
0.0035723640837276743 -0.1447801882460956 1.640383585269934 -5.735178710178733 48.00000000000043
0.003306354593119281 -0.15757043201896115 2.301783469798177 -9.89761366084893 31.999999999999694
0 0.011370896407236795 -0.5584663347676965 6.625835081547021 6.966057969180971
0 0.01074370058961948 -0.43764967119551723 4.490292430131399 15.46485512583714
-0.008574540927481682 0.4478913787737153 -7.467063492063338 39.50854341736696 16.999999999998316
0 -0.02390877838833321 0.9580329781027681 -9.76226913906091 44.383365433213044
0.0011638899987488696 -0.06136244395206959 1.0791284269449735 -7.018929872991649 30.000000000000142
-0.0039238539238538655 0.1929292929292915 -3.015345765345774 14.984382284382566 19.999999999999943
-0.005164241622574705 0.28703152557317924 -5.047718253968046 25.580555555554465 48.00000000000003
0 -0.030637783083445398 1.0138347281454216 -7.722913977734261 28.291573029018746
0 -0.015538055353241037 0.515952164186868 -4.154867859744032 43.33528248881489
-0.003806116722783316 0.19596520763187109 -3.291334175084132 18.523484848484717 16.000000000000025
0 0.043492629108640664 -1.6649277709334476 14.861581594652698 23.95811361050175
-0.0038890257059762336 0.17844749742002358 -2.818796908715685 18.918925321324917 2.000000000000137
-0.0013989407565259265 0.07668536314047289 -1.3419936315834349 9.167701673971132 1.9999999999999079
-0.004933543019480372 0.2828311011904699 -5.177658279220706 30.596049783549642 6.000000000000105
0 0 -0.042901545058905734 0.2905898651474725 27.301291928594846
0 -0.0006255726280399574 0.04011414310714941 0.07243582683899515 16.371428831914823
0 -0.014497739666551237 0.5691273284645431 -5.176224952944908 37.23469483600047
0 0.0647092788837354 -2.4717794464985383 23.533995057533257 13.773566434046238
0.002216071613830767 -0.1168363641753023 1.7917533680139175 -7.005975723623065 23.0000000000004
0 0 -0.03518328408233222 0.8342903698302422 19.791274897340454
0 0.031084651922994498 -1.157479949042184 10.672088109438048 12.633988663583743
0 0.0018799541190987858 0.02478282451288983 -1.1361629396647783 24.799548210989148
0 -0.03770952337532239 1.3708455664835806 -11.416487546822902 35.75503385637594
0 0.008495268440685457 -0.2230378905191374 1.9199486750104602 13.641665372627054
-0.0011998746867168172 0.060263157894738587 -0.856644736842142 2.7266290726819573 38.999999999999666
-0.003034844054580925 0.15741349902534232 -2.722044346978574 16.65423976608196 12.000000000000108
0 -0.013553718894929892 0.4412097089680683 -3.758819890049458 41.71791024597614
0.0008202542056708693 -0.016927295312711827 -0.17710813492063712 1.9948565323565415 40.00000000000002
0.002981753678085233 -0.15266403848265406 2.4104365667545222 -12.260754281950025 33.00000000000007
0.001645658263305347 -0.09901960784313828 1.9732843137255047 -14.073109243697573 45.000000000000355
0 0.02275474980785444 -0.8324184796696432 6.795573851609175 29.178147876576418
0 -0.011683377959420252 0.4297177054774425 -4.020688326310152 22.097605729376447
0.0047067901234568565 -0.25223765432099143 4.218055555555619 -22.261111111111443 38.00000000000006
0 0 0.04006294571165989 -0.40740084017947376 19.671843381425685
0 0.026961342750816325 -1.4434191539454633 19.278992936887583 15.000000000000034
0.004960265482711303 -0.2188123022488357 2.6453318108620394 -5.397787398360616 21.000000000000316
0.0009214388096375813 -0.02998657657042824 0.2231247013855841 0.34597183354939853 15.000000000000098
0.004616556283222874 -0.24651138984472137 4.067262182262187 -20.693005883006116 36.00000000000114
0 0 0.0932146677549695 -3.031186469893381 32.041384240224296
-0.0046052712719379255 0.19625713792380486 -2.2792318792319044 4.195723720723971 39.99999999999958
0.002424543049542974 -0.14699525012024733 2.85403138528137 -17.719372294372484 37.00000000000065
0 0 -0.004413617148158482 0.9057995933910644 13.939388071600886
0.0005614177489177722 -0.034030032467533604 0.6628923160173346 -4.194155844155957 21.00000000000013
0 -0.043650119702327406 1.5776776731477038 -13.607996017774754 37.92933425467655
0 0.022337468679878743 -0.7719121548220371 7.195667196520319 11.189482679731627
0.0022507440476190327 -0.11595982142857103 1.9483630952380953 -11.582142857142903 35.00000000000008
0 0.024643366817149525 -0.7406777749728668 4.339054691941639 30.198722540515636
0 0 0.19210447838601785 -4.103723128387317 24.445913181028445
-0.0062973985890651864 0.2897960758377395 -3.9446230158729727 13.595317460317315 38.000000000000156
0 0 0.07460885367862115 -0.7586250958343992 17.21006900076668
-0.0029830894414227486 0.15208953854787055 -2.488144802728119 13.391796166796125 5.999999999999749
-0.0006760728982951141 0.033333333333333194 -0.6939153439153462 6.466666666666724 30.99999999999987
0 -0.02152408190544389 0.7935062942158543 -7.28287909163893 42.93589911371671
0.0010116980820105705 -0.034248925264550034 0.3922536375661401 -2.839087301587353 20.000000000000107
-0.003055800509504194 0.17291299235743618 -3.23837081128748 19.908068783068884 13.000000000000023
0 -0.029011888788599068 1.0436899012870147 -9.25185725025704 26.35115455013951
-0.00511904761904764 0.262976190476193 -4.342619047619119 22.514285714286302 34.99999999999924
0 0.01887086323763954 -0.4254822069377984 0.008622408293451844 33.00000000000003
0 -0.0325658937448577 0.96878243356275 -4.890097236366279 16.4487277095166
0.0021844849050731176 -0.11870136943666254 1.9477960628695785 -9.281769374416369 39.99999999999991
-0.0027718869824133376 0.106683910631281 -1.0077485380117246 -0.19540196645449479 40.9999999999999
0 0.015434565434565279 -0.39858474858474324 1.3423909423909024 30.000000000000014
0 0 0 0.5414979757085019 33.36842105263158
0 0.04022549370231296 -1.479450926010579 12.96355826020603 25.856720474369347
0 0.01816779613876571 -0.6475723850985884 5.433921446767922 10.025878452208461
-0.0017918381344307263 0.07944958847736674 -0.9987654320987838 2.6861111111112845 13.999999999999558
0 -0.006141368944191929 0.24225285695904997 -2.3497084768763834 33.672805942125166
0 0.02215057704550036 -0.9644268083687723 11.485579116993403 4.097742286728739
0.002932295226703156 -0.1275299399065864 1.5797974339257526 -5.077275575302091 29.00000000000038
0 -0.021479093270317617 0.5793487265709741 -2.113097329718562 31.71677614047212
0 0 -0.0677046565743718 1.9243731534499433 9.614479567024864
0 0.01357107871785016 -0.48138008306820307 2.497240375463813 35.71501123231834
0 -0.01701416207710474 0.6260958750140523 -5.035433292120957 29.134427335056788
0 0.04451058201058187 -1.6794312169312107 15.543253968253895 11.000000000000243
0 0.007792207792207835 -0.213961038961041 -0.10324675324673274 46.99999999999999
0 -0.04368912501793804 1.540174994405359 -13.545898075643594 46.83844257186991
0 0.03077488761847634 -1.0675411081848771 9.100024315688893 5.461645332119877
0 0 -0.020625119021589658 1.098269514250853 7.282731818790933
-0.008081480286449309 0.36557186774578565 -5.236517123318462 27.075398617945705 6.999999999999766
-0.0044335294335295684 0.21905409405410164 -3.1874486624488005 10.821053946054764 47.00000000000036
0 0 -0.1800924799221223 4.356702276751626 1.0982536232492182
0 0 0.041992085806519086 -2.1639331458919173 44.53561387066546
-0.0025382796216129673 0.1413169392336069 -2.6260822510822686 16.67492784992794 3.9999999999997646
0 0.035371148158563494 -1.233145172993751 9.012391862986869 45.99948476984209
0 -0.007925291543917324 0.25204335434164826 -1.3281990115263798 8.306086527285414
0 -0.008053515484453093 0.3279313661100663 -4.144723419037537 31.96435081865508
0 0 0.1036497886510818 -1.9965909841671048 31.06301833644931
0 0 0.08021379642513121 -3.0358222733597335 42.231403189553646
0 0 -0.05843728472728099 2.047937313104882 14.507895220535596
-0.004422514619883076 0.18757309941520725 -2.1980628654971337 5.014912280702126 28.999999999999947
-0.0009942680776014086 0.07411816578483245 -1.6325595238095254 10.234126984127016 18.000000000000036
-0.001493606701940048 0.06224647266313981 -0.5981646825396892 -1.0587301587301123 27.99999999999992
0 -0.031466429417842404 1.1213510755355849 -9.927891820980745 29.135509687809613
0 0 0 0.8784194528875372 20.361702127659594
0 -0.028798600311623186 1.1506053337213686 -10.628740621261294 31.466275553307494
-0.006157557720057654 0.31583468614718363 -4.895080266955234 20.224891774891564 49.0000000000002
0 0.0071335059418151285 -0.4177818323627092 5.787125307336237 20.97704301246697
0 0.0018883130084044915 0.038954454472210416 -2.040994509318294 21.90964904256342
0 0 0.06509847877863258 -1.4834178913632798 29.52859698609389
0 -0.05661142821265021 2.0494325579404955 -18.157357417547242 53.92460223126789
0 0 0.1425116657674798 -3.8196183661299963 44.66206661555499
0.008043084130040389 -0.38373562830083646 5.748039199126091 -28.025480558089555 47.000000000001684
0 -0.03288141701617419 1.2799814780745178 -12.884805333141163 44.1358135293597
0 0 0.07563173597067854 -3.4749716319570805 50.464852800950766
0 0.020590828924162387 -0.7285714285714324 6.6670634920635115 17.99999999999999
-0.003516641846161253 0.10302810165510237 -0.18915828217886055 -7.190330899713121 41.000000000000156
0.00602834128375922 -0.2926387595892232 4.4837942716038555 -22.845260235120797 42.00000000000012
0 0 0.11065643891867226 -3.1720898298690017 37.65197287029157
0.002064069242431821 -0.08233784841972021 0.782384290498335 1.4906845104212905 9.000000000000082
0 0 -0.1111396787850736 3.370874685041388 14.711571622015388
0.002584876543209883 -0.1261188271604944 1.9243055555555668 -9.730555555555622 34.00000000000024
0 0.011530773596267405 -0.2988719019542438 -0.15033838609198433 41.669229869471565
0 0 0 0.9257932446264073 8.831115660184233
-0.00307138480392157 0.1465609681372553 -2.0225796568627588 5.498284313725617 40.9999999999998
0 0 -0.12648924781152404 2.724504215160805 21.059760102444425
0 -0.0078178582874438 0.2405722061821339 -0.5489726274649803 6.385716424795316
0 -0.036192265321855425 1.287428944859408 -10.302292506153433 31.043569088426285
-0.006480958654871228 0.35619078988641845 -6.331728778467535 36.97170148691698 7.999999999999631
0 -0.015639983513880434 0.5846294237789839 -4.274791984025425 19.98856189085011
0 0 -0.045936127530693455 1.1456534673992274 22.509582425008468
0 0 0.197734146419041 -4.7587464307750045 45.91852365208341
0.004058786279283216 -0.22769776807044048 3.9673282635239366 -20.96229210747864 38.00000000000127
0 0 0.03967339754373363 -0.7210630261764783 12.717328824539095
0.002479288499025346 -0.154069200779728 2.9664047270955436 -16.89020467836279 31.000000000000135
0.001871902607196754 -0.0889086403792302 1.469955289808263 -9.90306507218296 41.000000000000284
-0.009799382716049722 0.4913580246913758 -7.713888888889189 36.57777777777944 44.00000000000077
0.0013431013431013713 -0.053213453213455005 0.6937617937618313 -3.899700299700557 23.000000000000096
0 -0.03604249318125447 1.4238060554000838 -13.399605044100342 38.72689596542766
0 -0.0003247628078784288 -0.009499633130282079 0.12248101540760296 15.177232293452978
0 0.014136518992793121 -0.5572961968123245 5.758906022945268 7.457871413382618
0 -0.004695034220398394 0.19489888983329465 -2.4824123757139467 32.33536615919885
0 0 0 -0.6644144144144146 24.04279279279278
0 0.023120756812882774 -0.9077327386402483 9.79748318168054 2.1692863010991528