0 -0.007143414627540019 0.1961449340273879 -1.5570344123807371 38.909144379075855
0 0.029584081757453078 -1.1722491828847703 11.930116333705808 11.832309379223766
0 0.032683254227418856 -1.2418925965996288 12.313129093188037 5.312247567599291
0 -0.007230392156862733 0.13885199240986673 1.04818153067679 18.362428842504738
0 0.005129672006102912 -0.3057780320366338 4.300648360030602 16.999999999999986
0 -0.013262348948349803 0.46980300201613406 -4.827065402478205 42.33318771900756
0 -0.021307666312365144 0.7703749512332705 -7.423616268104911 46.11420902470558
0 0 -0.08793982958275355 1.6307686871848854 30.26281002215083
0.00218433689901079 -0.11658327582240512 1.8273590263399875 -7.150923050379504 17.999999999999858
0 -0.004144050478296771 0.23340495066711256 -2.512298488538513 30.88655670130698
0 0.005307149942030832 -0.1407372951968712 0.38300318187901805 30.04043327697142
0 -0.03642142010745418 1.2999630795857462 -10.831622354172053 34.665042887907035
0 0.04636737942472372 -1.673732397810555 15.181051395947218 11.09983592780816
0 0 0 0.7893401015228434 23.66497461928934
0 0 -0.059027777777777776 1.3958333333333321 22.249999999999982
-0.003891941391941367 0.16590354090354048 -1.924374236874252 5.385073260073511 17.99999999999945
0 -0.023527611413140172 1.0040605594311987 -10.77810985539958 44.311010013157485
0 0.04405068710934243 -1.624414116683821 15.183009856136202 2.755044330631198
0 -0.017927462495433612 0.8353415282659844 -9.93159757626599 48.05184304904049
0 -0.031220238095238165 1.121607142857145 -9.644047619047633 37.99999999999998
0.003852306547619032 -0.14593377976190436 1.233675595238099 1.903690476190373 21.00000000000047
0 0.010825440030783604 -0.5066641524556681 6.71316547748117 6.892453945953734
-0.0061529157117391564 0.25691367456072944 -2.9392443340972316 6.242494270435403 39.999999999999375
0 0.037184940541149056 -1.2801051659088378 9.807146102372007 26.5928603449603
0 0 0.11305474293636256 -2.3777434252705607 32.822636080220924
0 -0.017460008746294317 0.4285301087623126 -0.24899787087955477 13.497164115033646
0 0.002956997548399462 -0.01887528262030276 -0.3407249224415651 22.8020061525544
0.0016327300150829542 -0.07369370825253214 0.9317722473605021 -1.1524843783669576 7.000000000000554
-0.0037519553275854795 0.16503146713230413 -2.1991482956818897 9.88013114336651 7.999999999999631
0 0 -0.015240174200849459 0.7928100747517979 23.884129313769133
0 0.014307398722205045 -0.5352105124950797 3.2205370791770966 42.80277871374696
0 0 0.15436976091991292 -3.0453804768877624 34.855184104699006
0 0 0.012588634261638221 -1.1903504264721025 37.990340150035976
0 -0.010397264820955631 0.3552805480730885 -2.4254457952862003 26.24201231122304
-0.0028561103928750908 0.15195607088989432 -2.5150703871292164 11.567862529627336 38.99999999999992
0 0.03657692613348671 -1.464769108280236 14.84740307522027 7.150052391772967
0.00566704459561604 -0.25456538170824006 3.3616609977324656 -11.433095238095673 23.000000000001165
0 0 0 0.30032733224222585 23.256137479541728
0 0 -0.03532328575927721 -0.39298473440246595 37.94746597740475
0 0 -0.016298823970375572 -0.000630284575367334 33.557825446397416
-0.0018737658540290542 0.1049035942128068 -1.8447278233462758 10.835269993164896 16.999999999999815
0 0.03433602222375496 -1.2214425576014245 10.348149185204766 19.775276083849768
0 0 -0.1068637737471689 1.8762531942811351 29.361064208034456
-0.00325236167341435 0.18497975708502265 -3.2703373819163692 17.73373819163319 16.999999999999687
0 0 0.11888198995822319 -2.700385190295506 35.559158330458764
0 -0.006173026002485211 0.15142377869281629 0.07866486694523557 22.357384759759313
0.002426881246325708 -0.1131117724867737 1.4139219576719824 -1.2892857142858907 6.000000000000486
0 0.021236707415192433 -0.7388056416123817 5.144079760988087 34.84509323158311
0 0 0.14513581808585085 -3.772129546780275 45.52147676669845
-0.0051764412058529375 0.22042761160408048 -2.5910831815243314 5.112148635677939 45.99999999999969
0 0.005202034695646364 -0.28151461600705896 3.534116052360059 19.808227693043122
0 0.03015376926823451 -1.0983407307660946 9.766548795649472 16.44537307699652
0 0 0 -0.32890855457227136 36.752212389380524
0 -0.041197428486290974 1.4649134223250146 -12.992514833159634 49.35869032777343
-0.0028926482873850275 0.12277568922305229 -1.560421888053379 6.219298245613583 19.999999999999943
0 0 -0.06721607900410326 0.7860073718617435 29.640517421239316
0 0.02550874886421041 -1.0138441541954488 10.514555370379462 10.018224841778487
0 -0.009491056367328407 0.2602265569095 0.031151474497218112 10.584422364643407
0 0.006497835387238494 -0.3229633517831697 3.749375637162806 25.899918988167673
0 0.018738912904839148 -0.6908328593289945 6.73892960071373 20.229567835682694
0 0 0.12283448827292112 -3.0659648187633257 40.08102345415777
0 0.008856784874616377 -0.47753960268086454 5.809576378129102 18.64400572772037
0 0.011083724101838957 -0.4538612000665439 3.0955366828519426 43.13534670090873
-0.006091044372294237 0.3076433982683918 -4.90704816017307 25.185822510822184 7.999999999999428
0.004498106060606052 -0.2339015151515144 3.8115530303030236 -19.723484848485022 48.00000000000023
0 -0.003320281832048906 0.1489185533473688 -2.3543609092160867 38.07081020967009
0 0.018127444214400892 -0.5222797331493034 1.5099723947550405 45.00000000000005
0 0 -0.08974452270712756 2.8951969015658974 10.652417670049513
0.0010526315789474155 -0.04877192982456371 0.6747368421052977 -2.485964912280868 30.00000000000013
0 0.008059683185745991 -0.3838070579818111 5.9537711569713085 5.440259317677995
0 0 0.0401056988883394 -0.9893754393272781 31.71725287027155
0.0014492753623188024 -0.037157809983895014 -0.08438003220614924 3.268236714975989 39.00000000000001
0.0027453574022200987 -0.11021760556074044 0.9856676003734484 1.9608309990664226 12.999999999999769
0 0 -0.08315406045833158 2.4742826554939232 11.941549091129877
-0.0026418434506669444 0.13928449001978244 -2.2799101633660186 10.469154864742968 31.999999999999847
-0.00468806367243885 0.18295003607504445 -1.8523696789322999 3.010443722944264 28.999999999999897
0 0.007422211633140457 -0.20069368462514786 0.4892449912222001 37.876690238803995
-0.004141865079365047 0.16393849206349168 -1.6573412698412904 1.0214285714288338 39.99999999999963
0 0 0.06280905209041263 -1.9290143298663094 39.203404249559874
0 0.022552587914146573 -0.8989776802440732 10.188676872022702 1.7261146496816386
0 0 -0.15087602823516622 3.405560305100023 15.100818817344859
-0.0005492293535771821 0.02439038417299297 -0.3413474810213953 3.152691511387163 6.999999999999996
-0.00626529652264961 0.27350456596780853 -3.3663538395157175 8.74032128002773 40.99999999999924
0.002067638480681952 -0.13444393770480811 2.7641649212301735 -17.524951015168725 37.000000000000696
-0.0032868703036770075 0.1502423191498812 -2.055225423502723 6.723529411764735 40.999999999999595
0 -0.028139071920151484 1.0665209221114913 -9.53951056198419 36.458243807605974
0.0033027743007981005 -0.12390392874583143 1.0021236174893398 3.1184775369550657 8.000000000000444
0.005322385159846535 -0.2764491485466758 4.359410169007765 -19.551120276352943 28.000000000000895
-0.0033714838402337803 0.14314981893106596 -1.7991571507196067 7.83286852036832 10.999999999999886
0 -0.008791522782488157 0.4463900677202487 -5.189170850240226 36.80578230029253
0 -0.01566871725664079 0.6926858172627771 -7.184912034887565 36.358835423337446
0 -0.007739768390846902 0.12089361554135246 1.4903473455370808 18.19639452386601
-0.004220008386675008 0.20434534601201176 -2.9769216894216983 12.205597180597316 26.999999999999098
0 -0.032842266364142364 1.204654234737396 -11.114102591544926 48.05453616406559
-0.0022462386098750452 0.15478915024369952 -3.2881224835770952 21.975058275058696 9.99999999999926
-0.0060467242452536644 0.3234263149704336 -5.433194249922215 29.401353874883434 3.000000000000205
0 0 0.07335992907801421 -1.2087765957446797 30.485815602836848
-0.0029017022072577473 0.1137041713430599 -1.1248456790123496 1.6158249158249995 21.99999999999998
0 0.005935893759818003 0.005814360055843965 -3.471256991142409 46.05051437188854
-0.008579282407407586 0.4105613425926031 -5.995254629629824 27.211111111112274 7.999999999998004
0.002577612072496958 -0.12731189313669966 1.9524930525569557 -8.827758771492531 27.999999999999677
0.0005770502645502703 -0.010892857142857487 -0.14214947089946386 2.3337301587301047 31.000000000000142
0 0.010795037915513634 -0.4086747961588261 2.9018394458932475 38.96395755957457
0 0 -0.031673372687771234 -0.8299004521507493 45.231222362946674
0 0 0.028755438041203563 -0.14109752449556212 22.280572698396437
0 0.03202832275111804 -1.2677331915422896 12.486053934925177 14.345707989387702
0 0.010289940296622807 -0.5270941828407165 7.871350801944767 1.1595725337541987
0 0.0038356781251727918 -0.22826920332070313 3.1637136510744144 17.843274385814347
0 0.025564236111111045 -0.982204861111109 10.139583333333322 6.000000000000016
0.0049273947300262615 -0.20187264003053293 2.114469679930189 -1.043269741953958 8.00000000000014
0 -0.01667333600106715 0.5042683740162752 -2.9985994397759352 30.000000000000053
0 -0.026792661640537032 0.9361730552288388 -7.305278975727026 30.06590373444731
-0.00419688308015497 0.18948056386015252 -2.4159168956043247 7.4005790777849505 25.99999999999949
0 0 0.04205305890490027 -0.4975318622160174 27.996803866198526
0 -0.013593492735046796 0.5154670528930194 -3.997171700287333 20.978134188268058
0 -0.00585341577702028 0.08634455510011375 1.208371897495461 19.314951311936042
0 0.049904009327564496 -1.7370931558974332 14.52304910782643 13.107534197680673
0.0022850539154886714 -0.13150697933306515 2.3383342703994696 -12.668921054790532 30.999999999999932
0 0.026027004852792638 -0.9786941978117311 9.997819986160259 5.90908176298038
0 -0.028578152654685083 0.8361071383088772 -3.5048971917220233 9.403253784900704
-0.0035064200505376913 0.15533388180446958 -1.7765150290885547 1.5951288907171526 48.99999999999999
-0.004876571840857576 0.22365878169449704 -2.991625438054026 11.426948051948168 19.999999999999382
0 0 -0.08936829709572776 2.852219149156962 9.681324135192817
0.0037818461731504755 -0.14721932656715134 1.4202747735356434 -0.2768372931418038 16.000000000000227
-0.006794086055474863 0.3389671658136955 -5.155285903835245 22.236553147575027 32.99999999999941
0 0.019273252352030514 -0.8600439782915674 8.8815029602409 18.080041341295352
0 0 -0.0553370592993359 -0.13226399640048192 43.556617984150925
0 0.009809895668428832 -0.5236859484473321 6.12614143728374 26.025998633452943
0 0 -0.03192860841355566 0.6318567518730285 30.311170521910963
0.0016287833543269597 -0.06266224717312203 0.48077332540654344 1.580260138412031 27.000000000000306
0.002239100768512532 -0.11557853910795174 1.8836583351289564 -9.00455720749872 29.00000000000043
-0.000794463422340648 0.021858512331657497 0.03427057810051061 -2.0553346270098625 28.000000000000064
-0.0040875609503061815 0.18216101255317507 -2.3558356676004486 7.538422035481216 35.99999999999946
-0.003565454508549171 0.18570695076449772 -3.24077763845991 20.05863614220425 9.000000000000107
-0.0013503086419753099 0.08526234567901239 -1.5694444444444449 7.138888888888873 39.999999999999936
0 -0.0201772299294178 0.6566649047092991 -5.393743956951364 40.901372521016334
0.005888908992624205 -0.291808062938096 4.341426304174025 -18.062731628536902 28.00000000000059
0 -0.018398034089753854 0.4705347986782242 -0.2809947738431808 7.099338887874303
-0.005237399053188572 0.23347535505430436 -3.005585491506574 8.845718462823877 36.999999999999474
-0.004161599270294941 0.23170669909800376 -4.170169504408629 24.19262440458086 19.00000000000028
0.0037417497363318093 -0.19151470304721252 3.0807426513115685 -14.892969698000872 29.99999999999981
-0.00346432667861239 0.15661580483009066 -2.0887024351310117 7.1423401994831 32.99999999999966
0 0.016156738213522148 -0.48922612865666076 2.260929010806661 41.03113793405051
0 0.014514928277101368 -0.575931020541881 4.376644369501689 39.98857533730639
-0.0012263321473847822 0.0701386332965289 -1.0800980452296522 2.6003159121582438 44.999999999999716
-0.006277518777518794 0.3220053095053113 -5.153341103341151 25.568881118881546 12.999999999999567
0.0020832542214121396 -0.06600078162578273 0.22402455001141 4.2992879927089405 24.000000000000167
0.0034378968978897527 -0.154225168328208 2.0085094907529184 -7.396017537450152 38.99999999999946
0 0 0 -0.08097165991902798 27.53360323886639
-0.0076677329601305905 0.3767539694440303 -5.800061228570126 28.939923526767032 3.999999999996816
-0.005338802187541683 0.26158463385354264 -3.872652394291097 16.40784313725542 22.999999999999183
0 0.008347018183475868 -0.18784074964326536 0.11718459289028815 33.990763801175994
0.004097354665536568 -0.17224120576393767 2.081268983541794 -7.5063519813525 44.00000000000072
0 0.020608299626156828 -0.8376553484971865 7.688365114385522 22.840832085730018
-0.00033428289730810703 0.0030436416991038895 0.2127502516157975 -1.2380168850757038 15.99999999999998
0 -0.0026954075425790766 0.14132885818560992 -1.0821472019464695 20.18039624608966
0 0.015305424576505014 -0.49581190954067583 2.0416269405870238 47.02047642265695
0 0 0 -1.2584108804581238 44.811023622047216
0 0.013602269635847751 -0.31798636441868044 -0.4537717150519202 47.02578324089351
0.0026085313352394385 -0.1580975385323225 3.097378323310022 -19.083234743172767 40.00000000000019
0 -0.0034159449024313946 0.12281766322306893 0.27136371541776627 13.202085131814869
-0.001987830388565675 0.12260322398190036 -2.416927476118657 14.44990303813841 28.00000000000008
0 -0.019742063492063363 0.6423611111111058 -4.878571428571371 34.99999999999984
0 0 0.04693783786425787 -1.0288903877924072 28.814979911434378
0 -0.0024674263361124066 0.0069204074362959845 -0.33024428179530313 44.02057332501767
0 -0.02034180107909886 0.6196140541062065 -4.047200255732893 26.010883182545143
0 0.018648018648018367 -0.5629370629370518 1.9358974358973395 49.00000000000004
0.004119138658612314 -0.1905261283550763 2.724400209926577 -12.710527922370574 42.000000000001194
0 0.001959144125775263 -0.0667325067346871 -0.3736085391497258 39.32230343539144
-0.008016627703713133 0.40942271645500605 -6.572663539099895 33.69663496977765 4.999999999999122
-0.0027657527657527284 0.11379268879268754 -1.2250240500240424 0.5064213564214377 47.99999999999972
0 0.011414954140525905 -0.33607605098058424 0.4360066854385719 46.49370152645358
0 -0.021145040329229613 0.738926769905059 -6.488754429225786 42.35651979815615
0 0 -0.19707473086242022 4.949768227908671 6.560642854956078
0 -0.006407370651433997 0.2894294424751006 -3.984686987199449 40.75942289282111
0 0 -0.1347716857993778 2.561909136861661 22.323132365052896
0 0.02020134851498094 -0.8479514052679687 9.780105606010904 5.256596698100879
0 0.03691856530374642 -1.350355613313765 11.524412868952373 20.29508226204533
-0.00040255796834744157 0.015084038768249267 -0.06649107471475889 -1.1943258495890046 31.99999999999996
0.001993389948572029 -0.07165273516814194 0.4880618914232487 1.7935340802987474 25.999999999999996
0 -0.010059178291248942 0.2651838858314207 -2.0573479889613933 41.4563250731755
0 0.02647243107769412 -0.7470864661654089 2.4736215538846693 49.00000000000006
0 -0.02075532510621603 0.7619897409756947 -7.3827706387292205 42.1150197053073
-0.0033850238813473797 0.15813772624434255 -2.1836318501759524 8.697737556561092 22.999999999999893
0 -0.0175296606174323 0.5400997596774301 -3.7429685490156808 34.36570456578752
0.0035607934950040443 -0.16327274090432087 2.3057352710642345 -10.89195701958868 47.00000000000026
0 0 -0.196481966027694 4.817780542261474 12.741411394584892
0 0 -0.09293863702330477 2.603407617612661 12.670129015723102
0 0 0.014783828677246313 0.8394021238054968 14.170158404576298
0 0 0 -0.6621735467565291 36.81634372367312
0 0.023792255688732174 -1.0584201182258193 11.697741461270288 8.006928150885189
0 -0.02550835349232269 1.0712968773765463 -11.550593932530758 46.89230997028387
0.0014298311917359677 -0.07965482489292068 1.477154195011345 -9.419841269841324 40.000000000000036
0 0 -0.20555529608483938 4.922919735609159 10.811567877749708
-0.0006649477973007413 0.041576585179526525 -0.7940858161446441 3.9271848739496313 33.99999999999987
0 0.016112419408557822 -0.666830451614165 7.513203600383115 12.096063218333926
-0.004393924689440762 0.21546567675982353 -3.257385481366311 14.268969979295582 26.9999999999992
-0.004118104118104222 0.22152292152292632 -3.636052836052902 17.26340326340351 23.999999999999606
0.0006578947368420948 -0.0432748538011692 0.8494883040935638 -4.847807017543841 30.000000000000117
0 0 -0.05676800807367237 0.7093477986628015 28.759808250283825
-0.007965067340067338 0.3866687710437717 -5.84467592592594 27.7017676767677 7.99999999999892
0 -0.014750592368126014 0.4125502748040707 -0.8212963126956749 9.130893630702273
0 0.013743404174862589 -0.536471779771359 6.773127878400193 2.0526058054882905
-0.0067494731146047855 0.33072489462292476 -5.151844810890913 26.534785828207042 7.999999999999733
0.0025918934007169345 -0.10781436700554417 1.2147462831286557 -3.0498364380719094 34.00000000000029
0 0 -0.1398201070254006 2.6308388131889853 20.746752739723156
0.0072188395128901465 -0.3419656430526128 4.928009833416189 -20.593263029876987 29.000000000000455
0 0.007735658148618929 -0.4661689961880618 6.914760694620968 6.318932655654461
0 0.017761491719753022 -0.5670801452201975 3.987794276455707 28.773577072834318
0.0007712905588722405 -0.05420207364651735 1.186628068735904 -6.629333248450896 13.00000000000001
0.0011243142822090196 -0.052671889513994964 0.5649149096517583 1.5718632244947388 10.000000000000085
-0.0029614163249032034 0.13220889581909553 -1.5284194150148545 1.5516945773526902 40.99999999999975
0 0.028689236111111037 -1.0313368055555525 9.602083333333292 15.000000000000187
0 0.009408013964349692 -0.45077547751057545 5.717877634262602 15.898531803196816
-0.0034707190957191016 0.15599897787397832 -2.0238666426166527 7.57160894660904 19.999999999999893
-0.004757241215574522 0.20931183014516355 -2.603292887667916 9.054517704518048 13.999999999998973
0 0 0 -0.4909090909090909 35.272727272727266
0 -0.026105625737419143 0.7644225851708483 -4.061537550052941 22.9885824815012
0 -0.0035113035113035077 0.19735449735449703 -3.380663780663778 41.000000000000014
0 0 -0.10912241421791785 3.5504488628450788 5.018500862373684
0 -0.027535991554033058 0.9612276085249765 -8.30503436283309 39.50795985664459
0 0 0.008854032496589092 -0.8256051368654042 40.08439476772474
0 0.013559985211455341 -0.33170764134402564 0.1451465797900135 43.96799708035694
0.002431292382272784 -0.09421856284601453 0.9524944826415598 -1.7418279432986932 31.000000000000465
0 0 0 -0.1905609973285841 29.41050756901157
0 0 0.07745726495726496 -2.1891025641025643 41.73076923076924
-0.0011007994668125458 0.043157375183519454 -0.6384427845212245 5.848097218685502 5.999999999999927
0 0.03219039351851928 -1.335792824074101 13.225694444444636 17.0000000000005
0 -0.018866580546460746 0.5649633348774241 -3.0764310490545377 21.898473391802213
0.00441213327436228 -0.2307997936016483 3.7936248710010445 -19.349646174259824 42.00000000000144
-0.0013999349739895676 0.034131152460983034 0.14697066326532626 -4.792471988795598 34.00000000000006
0.0018676498939656395 -0.11101551956815041 2.168522267206493 -14.251320609215604 41.00000000000077
0 0.007013778628104217 -0.27676723567499817 3.3781710321588116 21.63187524769734
0 0.005268865630894989 -0.3011136560446171 5.587759329158035 2.002447809850262
0 -0.0030523210924491427 0.21068604859497422 -3.586990844340594 46.08677203615835
0 0.027987043703465483 -1.0271367454409008 8.571628901805834 27.539900439160053
0 -0.01267398199912746 0.3433170968637166 0.1533329764879017 8.947893422148175
-0.002387364695548763 0.09455068588699955 -1.0967145883385792 4.862884600480305 15.99999999999977
0 0 0.14187497856873418 -3.484346603573016 45.14365805987037
0 -0.028937185413752068 0.787244277240786 -2.296474235350254 8.661297472180085
0 0.023662008062324467 -0.9303033085130045 8.956494121936432 21.087751147096203
0 0 -0.11039743075070221 3.3125117088184086 12.976341496052449
0.0023189148761231237 -0.11113472086012231 1.4064393113878497 -1.2976235054040193 2.000000000000137
0 0 0 0.9283520982599797 18.945752302968273
0 0 -0.11680153321976171 2.6660988074957475 17.09241908006811
0 0.010289439437497501 -0.2684782082379609 0.7704820627096888 33.6349351419738
0 -0.009117201508687344 0.21089238236567198 0.14891578556853552 17.106176961602674
0 0 0.07246879334257977 -1.9851526795661785 34.91337168322686
-0.006138845722179071 0.28560660018993456 -4.0326977035310625 16.97207977207998 18.999999999999773
0.002614312770562762 -0.12349837662337622 1.6828057359307291 -6.892532467532415 42.99999999999981
-0.005756469254368346 0.23316076430572058 -2.625988728824873 9.21722689075659 2.9999999999996456
-0.003333268039150397 0.12932084255613777 -1.2560707266589979 0.027656167362371246 43.999999999999545
0 -0.01905064827469743 0.6077637996935819 -4.257924931707297 32.91104784620819
0.0031945069225771073 -0.14915404608387176 1.9700348627980528 -5.320636527215762 22.00000000000018
0 0 -0.12211051148827279 2.62974256443675 17.390427652669246
0 0 -0.027486459317939825 0.06760588738353747 36.76034868194026
0 0.026244001750281052 -1.1196261525521887 11.579684524948064 12.804844924578074
0 0 0 -0.8066184074457085 35.937952430196475
0 -0.0027815248897692553 0.175277601265028 -3.641230193750862 46.088273900102735
0 -0.005088093082150352 0.18735623841037422 -1.8232621047884159 30.953619566394423
0 0.027029033030356114 -0.9104602008515048 5.853118098467692 43.97280085105793
0 0 0.10009324398860785 -2.176893688525097 32.07734688814209
0 0 0.0840597758405977 -1.8329867366308372 31.532384625615126
0.002997737556561129 -0.15192307692307888 2.4941742081448295 -13.043212669683498 30.00000000000022
-0.0020073962079110814 0.10959293614470957 -1.9826536449820191 10.875068105045232 34.000000000000114
-0.0031767346984738773 0.1313194454498825 -1.3212323505802104 -0.8069103601710502 49.00000000000004
0 0 0.10746470523238039 -2.137165645292902 36.4733823054432
0 -0.03178815261047164 1.1389211495898308 -9.04853174978837 29.776033475079974
0 0 0.020869481395797203 -1.4980589585852744 40.86531889163467
0 -0.0042223124011342315 0.18855494080298763 -2.591823391785925 35.87709303759638
0.00390316067947645 -0.16966304650515063 2.0380670426064946 -4.436654135338198 19.999999999999993
0 0.003255217166166856 -0.14151171865351517 0.866825546785529 30.97385150768484
0 -0.02317971383391725 0.7876708411309651 -6.953825679056808 44.91331802844757
0 0 -0.13532419255866204 3.269037833731372 15.896857295397243
-0.0062606877824270225 0.3286235905801165 -5.435479536566551 29.08706860772113 5.999999999998987
0 -0.024148617640474546 0.9330353145287648 -9.112105439892535 38.76292813969107
-0.006918724279835431 0.3750000000000024 -6.62662037037042 38.64166666666701 4.000000000000171
0 0.017852438168904656 -0.6481242304116654 3.7557441140753283 48.635136153958776
0 0.008624744739120359 -0.35286335169902716 3.0354270078103385 30.95696600244251
0.0030048382989559413 -0.12445250827603731 1.2220715558950699 0.8993761140822393 16.999999999999584
0 0.003973645617667365 -0.24196028048900767 4.326992753623191 12.082076308784401
0.008385854341736818 -0.4066526610644314 6.01472338935582 -26.339145658263742 38.00000000000056
0 0.02713491812403801 -1.1443076192339174 12.008112150460631 15.118322746025509
0 0 0.08541325452460254 -1.526033734932925 27.327596500432637
0 0.012411891067813912 -0.5802749446490021 6.897020581720444 13.953004498538618
0 0 -0.06220132469439187 0.6228268313290803 37.62790879234125
-0.0011300293908990833 0.027500036195693692 0.2380235706322044 -6.264393577436875 36.99999999999989
0.005339617158839165 -0.252370055573719 3.4986922015183284 -12.251661763103705 21.999999999999826
0 -0.02727840902990013 1.018825565255652 -9.337864963939978 38.094704350919656
0 0 0.014367063701689265 0.2650978194462961 19.74602007989698
0 -0.006832322687775218 0.15266438602242755 -0.2007176932617476 25.49428643647513
0 -0.010269408278835499 0.2282585437948904 -0.34993318827213027 25.117377148194677
0 0 0 0.6908531222515396 19.062445030782758
0 0.019047619047619063 -0.8547619047619055 9.376190476190468 11.000000000000167
0 0 -0.013959221748400872 0.8151652452025582 20.668443496801714
0 -0.008308256288406361 0.3520952087232908 -4.030942636238028 37.159851131853245
-0.007029812226823018 0.3576290041982974 -5.764721000115106 29.41412180814467 10.999999999999531
-0.0002646862940980599 0.019867387514446402 -0.503349346731701 6.212459109517939 2.9999999999999507
0 -0.010408983308159304 0.31720812383094854 -0.5516146965981731 7.51393184830914
0 -0.022667272442611647 0.6747123194394404 -4.226034461088098 29.04266847743002
0 0.018339764435217672 -0.774712188408371 8.095178294736623 17.886550311658684
0 0.0034475523614973776 -0.1392166695380373 1.807034899461002 22.193509881617477
-0.005727388080328955 0.3066535860653343 -5.153680741915752 25.481285054813036 36.99999999999958
-0.001011873928540612 0.06672232088898906 -1.3443965756466159 7.6549395049398266 31.999999999999847
-0.004954929340157107 0.2207986352435708 -2.864866894126073 10.823734757060747 12.999999999999465
0 -0.018496061956273797 0.6908712432363089 -7.139760974956545 45.11094814969161
0 0 0.01876397317151065 0.5805866070478025 15.617672735015429
-0.0036501139762010067 0.1285897275027757 -1.0226522471088635 0.5601464960166008 12.999999999999414
-0.001151019119769142 0.06421807359307506 -1.1153905122655456 4.983116883117136 37.99999999999962
0 0 0 -0.6335797254487854 40.263991552270326
0 0 -0.015507893015133195 0.2695516789692488 32.93597178323126
0.004040984814978641 -0.20637033760872864 3.248382721509674 -14.787778269202494 32.000000000000405
0 0.03691982629419838 -1.211722248740211 8.014173067144661 40.926679061508175
-0.003963317384369991 0.21564593301435406 -3.7281897926635046 20.803397129186944 8.999999999999801
-0.003490259740259857 0.17121212121212623 -2.4376623376623994 7.718398268398482 41.00000000000001
-0.005714381105006056 0.3218163347069586 -5.6869867979243045 30.950412087912195 19.99999999999974
0 -0.008096066502358999 0.1828448541243754 0.2671138920335678 16.16728880457731
0.0023471999015477365 -0.11350443035225802 1.595421878845848 -6.484264648395636 36.00000000000027
0 0 0.03628215361528695 -2.0389427379430933 44.21638692983459
0 0 -0.07461979920609141 1.424898973329584 26.734210063951167
0 0 0.025252704356917365 -1.0007374921850805 33.75776632464896
0 0 -0.05455221381922709 0.14891254225494374 37.34177856207496
0 -0.021924787192329667 0.6593731238372859 -4.278561417264133 27.25947700756237
0 0 -0.03992165499314041 -0.3002903569821721 37.34767853274603
0 0 -0.016271024186903217 0.4663552421113854 30.752774950317505
0 0 0.05183343105902794 -1.9248551788380248 46.10105945742141
0 0.017058909621123903 -0.8301382217105685 10.348726011623787 6.890884185400042
0 0.025848252783575536 -0.9473884571488611 7.452184490393296 31.880306234223124
0 0 -0.13302742355217112 3.3756522256395267 11.944375973884151
-0.005066692566692601 0.26463351463351686 -4.276239963740012 22.034479409479783 4.99999999999968
0 -0.00975808321964808 0.39907619972734965 -4.460847197580002 40.060553343362955
-0.0011206241674991738 0.07012141504329043 -1.3141301406926489 6.849030136530192 31.999999999999872
0 -0.02298818407960206 0.7236878109452756 -4.223208955223884 22.949751243780828
0 -0.025014173826856865 0.8826794616581282 -7.9650242047434885 39.304639419026884
0 -0.026498865052734594 0.8479278180048545 -4.544871382485956 13.962895341407563
0.0017978084953787596 -0.08548584892894062 1.0225618749915064 -0.7795406568423167 21.00000000000014
0 0 0.009778825595458826 0.25245939160422537 21.022915005073713
0 0 -0.038751587058359925 0.8082340965807085 24.75300993826888
0 0 -0.0971214231924435 1.5621764068529982 26.33481944871985
0.004075351731601823 -0.21254396645022133 3.470610119047706 -18.623647186147704 49.0000000000005
-0.0023221634332745342 0.14854497354497362 -3.0207671957672093 20.121428571428744 6.999999999999563
0.000870310245310242 -0.05156926406926398 1.0096816378066389 -7.2679653679653935 39.999999999999986
0 0 -0.05985846883585502 1.606385216325684 20.534430277481874
0 0 -0.20618613407906233 5.045263284443381 11.394774538016193
0 0.012489804078525292 -0.40379012969179773 3.4139417542714567 19.289821993259284
0 -0.009247780910750314 0.31137829193803584 -3.502352644163072 46.01341498194651
-0.0030218905744116053 0.1829638673651292 -3.4281817272363764 19.497122485357977 22.999999999999844
0 0.011723985329386476 -0.5118342254640583 5.068101059539471 23.225683765677402
0 0 -0.062024019335645886 1.0244471985042287 25.424823556868162
-0.001965888643520192 0.12505099067598988 -2.4597623502228836 15.181370384002188 16.999999999999485
-0.0045341810966811015 0.18721816378066358 -2.0779175685425626 3.337878787878719 45.00000000000008
-0.002228996636891328 0.10361092367671211 -1.5875581046633742 8.943485315853918 18.999999999999467
0 0 0 -0.5747051114023581 31.901048492791592
0.0017104423354423065 -0.07240988178488031 0.9461115273615046 -4.435406260406164 34.00000000000001
0 -0.033687505333550596 1.127844624944727 -8.166034301518229 28.40649801010074
0 -0.003979977115240755 0.16164726438391377 -1.3766582385727406 27.001103672240824
0 -0.028474534036656195 1.0649674267773168 -9.952294042704775 41.42755520544971
0 -0.023179423895319313 0.7153750230321495 -2.8579741752349435 9.254398251140007
0 0.02626800388438376 -1.1754738704801682 13.458762105664885 1.11789744854008
0.0022843986079280243 -0.08243994567524016 0.715748875307709 -0.8970906544436815 40.00000000000024
0 -0.015740686011468014 0.6369154345866144 -7.243742485729305 47.45435376015209
0 0.022964962919511507 -1.034702964529941 11.656577706275904 9.705987183115127
0 0 -0.00358622843309715 -0.07266926701067941 27.598940818138953
0 0 -0.15576082870579497 3.1038529573388978 24.01340274209745
0 -0.007374551755292747 0.10960120158406034 1.3535083936703942 17.904068490960025
0 0.024220772129124806 -0.8309484996946173 7.140610727731616 17.757627555448064
-0.0008475019344584645 0.038763149089236205 -0.7237167220862883 6.799160863291326 9.999999999999947
-0.0023128187601871592 0.12467444835865787 -2.0541570271833267 9.04302627197352 33.999999999999936
0 0 0.059814663853457184 -2.350082717943795 43.84202071545023
0 0 0 -0.37626262626262635 31.717171717171723
0.0051647913490018935 -0.2681480799901866 4.46783063427803 -23.881050090260764 41.000000000000256
-0.007463818860877639 0.3777310924369729 -6.043656629318371 30.071148459383675 21.999999999999265
0.00607008537680797 -0.29083451562442814 4.259715249736236 -17.7920119096591 26.000000000000252
0.004978766360345313 -0.22716130604288529 2.9418469785575097 -9.252548036758613 34.00000000000029
-0.004063884458621237 0.19827485380116708 -2.991401293638113 13.308120680489122 25.999999999999183
0 0 0 0.4753694581280787 20.22660098522168
0 -0.000678717633895103 0.058941836903245635 0.12845054803136247 15.210453939912203
0 0 0 1.1395663956639568 17.120596205962052
0 0 -0.14011751657304397 3.982457906205971 5.9022218556213515
0.002528115623353796 -0.12994457042076435 1.9546742939600543 -8.096114203257265 35.00000000000011
-0.0024877534745955713 0.11289587605377042 -1.3136434837092699 1.0567897015265613 44.00000000000011
0 -0.003327083377646531 0.21380801259362864 -3.1115417610008675 36.32442600538656
0 -0.010186728097808594 0.18258292042875834 1.2131838669150163 16.194268623228524
0 -0.007981764419838671 0.3692975125663985 -4.562692473776411 41.33781215816096
0 -0.03045795433653785 1.1283771324277547 -9.548623103069765 31.818342037608815
0 -0.036055607269869255 1.2046731524621819 -9.718142986335238 41.35571016647487
-0.00019073835067623865 0.01382811029550157 -0.48785324406442404 6.921919953752263 3.9999999999999494
0 0 0.09716197591035274 -2.347609611889015 41.56332620897667
0 0.004053573603715019 -0.08909930443341649 -1.3047855637497088 50.58583184588193
0 0.007050833094549947 -0.07122413414579656 -2.4820645802885353 46.157734812893885
0.004645271186624502 -0.23383648515227098 3.5275149453720274 -13.93677212511767 20.999999999999705
0.0028885610916860606 -0.11432929050116514 1.0997438325563529 0.5283508158505236 18.999999999999925
0 0.02254097107837474 -0.8114692023656251 6.32954502957826 28.273010836825915
0 -0.011939266611642836 0.5608362899681626 -6.537645375322889 44.68572668903343
0 -0.032616307392522144 1.1326041286079618 -10.187172695165 44.99999999999995
0 -0.03047839506172841 1.0717592592592604 -8.250000000000004 26.999999999999964
0 0 0 -0.4376869391824537 31.227318045862425
0.001661795695886609 -0.044062786960514584 -0.015452455793355075 3.653360528360434 27.000000000000206
0 0 0.012975618766161826 0.7689963342900173 18.973402290358322
-0.0051165554788743 0.22861935434399122 -2.928209109730845 8.531866804692957 34.99999999999995
0 -0.006184210526315789 0.11793859649122763 1.5649122807017628 8.999999999999947
0 0 -0.04539354946211203 2.147654064771235 9.6623203139334
0 0.0026017247153382658 -0.057505860683189074 -0.12515070328197428 35.598124581379764
0 0 -0.07323320202118634 1.6449796393002745 19.96142763679895
-0.00724553224553219 0.3731351981351948 -6.048407148407089 29.564801864801588 29.000000000000455
0 -0.019203255233969877 0.6512664011187312 -4.139252124131001 19.942228179381033
0 0.006320332984934623 -0.306509582536258 3.8304477681836926 20.20229296565368
0 0 -0.001936659831396707 -0.6820460241512859 37.353383458646604
0.00452727387251195 -0.22176083396321378 3.334552154194987 -13.79671201814047 20.99999999999991
0 -0.015906814080151578 0.44047068514824217 -2.575219510522024 33.96181551439434
-0.0026526424963925345 0.17328643578643804 -3.4892090548340957 21.80649350649374 13.999999999999584
0 -0.015976107512825344 0.5480007511522487 -5.222472463243609 44.30199446754874
0 0 0 -1.1759259259259258 47.12037037037036
0 0 0 0.6570964247020582 22.05200433369448
0 0 0.06880291901659903 -2.368557724536939 42.642192760022745
0 0 0 0.9268707482993199 15.984693877551017
0 0.0030078663183746262 -0.11375372440128714 1.2892250529137725 24.544389637951223
-0.0039958592132505995 0.19554865424431003 -3.095010351966923 15.966314699793205 23.999999999999808
0 0.02804789333257665 -1.0439125026833356 10.585882483634045 5.75910520135498
0 0.012844842921692192 -0.3975557690255121 2.41925392251042 34.95129682997124
-0.0029497375873426246 0.13968597054206291 -2.0951147766799068 9.975808015513975 24.000000000000064
0 -0.023062564004106112 0.8709231932163161 -6.937367788442211 24.733804757722105
0.003285323453390628 -0.18987776928953123 3.281649629548745 -15.222974084738588 22.999999999999893
0 0 0 -1.3476505139500738 45.336637298091034
0 0 -0.02229224814636221 0.03163411188596482 31.90788432164548
0 -0.00709519075700965 0.11232847642670263 0.7436872312242078 23.63856791019548
0 0 -0.013274499298955845 0.7545636091931225 20.781086310108993
-0.0026179453262786603 0.13616071428571447 -2.1274801587301684 7.7797619047620135 48.99999999999984
0 0.03601326686280916 -1.3258047017223946 12.648596105091208 10.825139609094533
0 0.028669729893343026 -1.102884440213627 10.45382948103075 13.916240971028506
0.003161122503227771 -0.14651686033265127 1.8645564669249413 -4.055001139212183 14.000000000001211
0 0 -0.15919251260959436 4.296090105347313 10.28688996649713
0.001477444124503 -0.05774029891677299 0.6091149047032139 -2.867866447278689 46.9999999999998
0.0032228446934329767 -0.12199035169623633 1.172382508559011 -2.2150093370683015 42.00000000000002
-0.004661744505494633 0.24052067723943354 -4.017249937562543 23.109711122211802 4.999999999998816
-0.0034942271270396426 0.13549633959790303 -1.3505608974359178 1.7967657342659065 27.999999999999268
-0.0035127915562698764 0.13967698967699238 -1.3926736307171452 1.4477182238053627 32.99999999999966
0 -0.006402972027972143 0.2092438811188853 -1.7087412587412947 29
0 0 -0.0436378542812921 2.29281678015375 9.25990938918587
0 -0.0011270991531910227 0.0448594698102808 0.20235527420682156 19.756857423965617
0 0.01393304884833677 -0.6999129267881735 9.3348166094783 1.039419351903249
0 0 0.04057054057054055 0.03180153180153158 17.88411588411588
0 0.01287555128944458 -0.49678483810700014 4.591850101755625 25.380108205538047
-0.004494012018683023 0.2218078933128258 -3.4258262844611456 17.00037309182064 14.999999999999499
0 0.030835106922063024 -1.2618197020370754 13.730984595114842 2.000000000000149
0 0 0 -0.4864341085271323 30.912790697674424
0 0.011976688720130834 -0.37122679799289704 3.718101674251301 10.53471640566034
0 0 -0.09817867889524212 1.2539461783706527 34.02644063172174
-0.0006523569023568951 0.037236952861952596 -0.8530934343434307 8.918939393939366 3.9999999999999303
0.004378306878306775 -0.19551587301586767 2.4260582010581238 -6.300634920634596 23.000000000000302
0 -0.006979717459890193 0.31178794618205813 -4.2591584394464 46.868818594752234
0 -0.01282242063492056 0.43216765873015434 -4.444642857142802 47.99999999999995
-0.0018814759700176208 0.10947765101410854 -2.2217509920634773 15.730753968253865 14.000000000000169
0 0 -0.09935621548186695 2.017768128177987 28.155244217546283
0.003916378250018018 -0.1955295700010812 3.0198043480213466 -13.615284960138588 26.000000000000707
-0.004765877397456296 0.2473577884104181 -4.013307160675564 20.224774874248595 15.999999999999465
0 0 -0.019751967964431946 1.5322449259253603 11.55118230126223
0 0.024526387456703876 -0.872977078116085 6.96735147140474 29.83542023139095
0 -0.010759309696822114 0.477663895982555 -5.053277448227013 37.926870189015354
0 -0.02098214285714309 0.7657738095238218 -6.001190476190656 24.000000000000533
0 0 0.04087502536946042 -0.772424423910923 27.394436275028625
0 0.03858715034185342 -1.3819671603473194 12.492386327411468 8.116476911800799
0 0 -0.20577122072057974 5.284393193481966 9.308289695107312
0 0 -0.11737844487571678 3.678595492429746 7.6289802325643725
-0.0026957079127947455 0.10480562595408531 -0.8681956115779677 -2.9325463518740413 46.99999999999993
0.0012281862062564213 -0.06902267242179738 1.184304511278233 -4.0613617376777515 10.000000000000124
0 0.019545816370605058 -0.7184725925071005 4.842482395745533 42.72733572458778
-0.004949746989757024 0.24371496846736532 -3.5999603288111772 15.361195107333645 23.00000000000045
0 -0.008493294597834893 0.2797511674633082 -2.1026736598244997 31.337627678200207
-0.0015321869488536747 0.09696869488536444 -1.9531084656085098 13.951587301587496 5.000000000000189
0 -0.00956003289473696 0.4168820488721848 -4.982612781954925 42.84586466165416
-0.0007404169904169849 0.02419709919709892 0.007124773374777282 -3.7479992229992356 42
0 0 -0.11401949463079337 3.63728075359842 5.3179447894598075
0 0 0 -0.16695576756287872 33.736339982653945
0.002642454400766486 -0.10311710880764943 1.0495952340262424 -2.9491205796196587 45.00000000000023
0 -0.02946408857740392 1.1238006165342247 -11.215701241083568 49.82351288040717
0.0011580442583732132 -0.042138905502392666 0.35549940191388124 -0.26877990430625637 31.00000000000006
0 0.020081441139963196 -0.6839053927793499 4.572211213142806 34.28658363536132
0 0.027382680059907804 -0.9905408325881662 8.964250834594399 15.555131675687191
0 0 0 0.5729961832061072 20.013835877862597
0.002896735617323864 -0.13116650506356498 1.7578458306399785 -6.014199525964481 25.000000000000437
0 -0.012465880814608756 0.4444111748980878 -1.928957546637873 7.182916820894038
0 -0.025362003136805335 0.8677599475568475 -7.819727314916258 41.47237605151915
-0.0033546190912262597 0.15926039486307503 -2.318310385051491 10.946382783883074 12.99999999999982
0 0.035039736821019 -1.1750347735529338 8.837225506856967 26.12815240034046
0 0.018535587566255615 -0.805816844255307 9.550004172153963 7.7825618476474405
-0.002674312570145922 0.13997615039281783 -2.249684343434349 10.960858585858569 22.999999999999943
0 0.018394100460027374 -0.6316859380828054 5.228754817854038 21.729765013054898
0 0.03302304151970895 -1.260250995402453 10.871356607052519 27.849534745594834
0 0 0 -0.7455621301775149 36.64497041420118
0 0.02624421296296289 -0.9726273148148119 7.726388888888856 29.000000000000163
0 0.009359758384550103 -0.40945531422590553 5.482495500430377 9.017325834958532
0 0.021606196629697014 -0.7567940705316291 7.1334738669776 14.200523625775986
0.0008620430495430614 -0.031099687349688036 0.18200156325157726 2.2534992784991807 16.000000000000075
0 0 -0.10271152685120095 1.8839479252056681 29.308575773383474
-0.0020238939098588373 0.11844837261504015 -2.335167464114851 16.212732589048528 3.99999999999946
0 0.009226190476190544 -0.5184523809523832 6.878571428571444 17.99999999999997
-0.0022686157796451742 0.13515552054154925 -2.5416549953314598 15.469817927170892 15.999999999999872
0 0.04764578821908778 -1.6562898653963163 13.540836447365773 23.06069063959487
-0.002811973905723961 0.11076388888889159 -1.3058606902357326 6.788383838384122 4.999999999999325
0.0052381828697618095 -0.24209693814956953 3.3418883747831085 -12.711791278896492 26.99999999999971
0 -0.032236959628438734 1.089014571530648 -8.632672064002445 37.75384703720714
0 0.020770260659017315 -0.7734601171110058 8.167168320861967 5.163940642848217
0 0.022597742147772312 -0.9237469759250592 9.293027784407968 18.508229623179016
-0.0041511656746031165 0.18200024801587095 -2.500421626984116 12.85535714285728 4.999999999999528
0 0 -0.15515896044417962 3.777192666018383 14.648357853132122
0 -0.0007820432753250607 0.008813274690209004 -0.9601844485589848 41.891446085513245
0.0016729741793680203 -0.06576813354306929 0.5508681192824513 2.2010816691122033 13.000000000000353
0 -0.00959892328486082 0.40125421803578787 -4.252136062853731 32.39880233199212
0.002219637855142085 -0.07268782513005369 0.4268882553021524 0.9802621048417202 39.00000000000033
0 -0.018718040907638137 0.5169631443181264 -2.371317856001427 24.013765237638577
0 0.009041031463763368 -0.34238467844388204 3.386299062606424 21.68402863979691
0.0002734738028855653 -0.01732292761704515 0.34495101848042836 -0.7896533205356664 12.999999999999986
0 0 -0.13278337599346585 3.396322785546347 14.425293740567641
0 0 0.026116053131818574 -1.3718885761906066 43.83784880929612
0 0 0.05457997484256024 -2.1554477368621776 42.753419939862496
0 0.031622667738163926 -1.1845997454049257 10.799843892618268 18.127924866978635
0 -0.03296231996572632 1.1425518186823223 -8.012182168820098 18.84643313208938
0 -0.002588793994987199 0.08758363017722899 -1.815437904699969 40.47957404139475
-0.0015255220678014622 0.08590837777418582 -1.6725420616964624 12.413267614738139 4.000000000000121
0 0.022938570019027296 -0.7420820304223019 4.269836790996986 42.11714063734031
0.004415954415954501 -0.22589031339031787 3.658582621082694 -19.197649572649937 46.00000000000019
0 -0.016753486038282694 0.5941216009142387 -4.378115649180234 23.85215630947087
0 -0.009728457295883976 0.4346898710168221 -4.602161828239535 37.81698736048619
0 0 0.10283135990512748 -2.6033872551744675 43.419978875979794
0 -0.02072653645870554 0.6828464970202334 -5.923220734330787 41.847211120662394
-0.0012345316416040386 0.05312793703007677 -0.6994478383458931 2.2095551378447844 36.999999999999886
-0.0005872803666921224 0.031307295645530434 -0.6382161955691286 5.27775019098545 17.000000000000018
0 0.021295724924983446 -0.9476879903729611 10.760349588419631 9.783075383899007
-0.002713931422371254 0.11752873085993013 -1.4670833748518812 6.155840003985663 11.999999999999803
0 -0.008583638583638411 0.4188879496571736 -5.584596685365847 45.86336740182883
0 0.008409080391332573 -0.46162229828257534 6.148760684798657 12.131183666206729
-0.0027983554686340714 0.16008994445527003 -2.929818657721186 17.996639110803756 10.999999999999075
0 0 0 -0.7241219963031411 37.144639556377065
0 0 -0.017681761255026032 0.1971524619339524 29.67787225627842
0 0.005484742106869124 -0.09649257613815017 -0.7108816906682974 37.90510091282289
0 0 -0.18117734132428331 3.7436047867938296 15.669217994078936
0 0.017036784362071254 -0.41547922894573874 0.1390361913445579 49.35043896138918
0.0035756022142425198 -0.16511184055675107 2.2669025614199123 -8.10536632307793 27.000000000000522
0 0.010541529116848754 -0.2638648053484978 0.06280712605587671 40.490027079112814
-0.002919148752482068 0.11160860744194 -1.0476301476301373 0.29421134421129835 33.00000000000007
-0.005598394660894661 0.2988501082251098 -4.971877254689813 26.287932900433386 3.999999999999155
0 0 -0.03510733915494931 0.4373300898661207 29.207095509774945
-0.0025108225108225577 0.13816653934301262 -2.5609880315763185 16.589396485867415 8.99999999999947
0 0 0.026525750018563766 0.053752186188190186 25.107468034650385
0 -0.006290545540221113 0.1836096715296251 -0.433761082830945 19.812276913532713
0.0028715131886087493 -0.17253917191876636 3.4176193394024144 -22.461099439775925 48.00000000000028
0 -0.006327536507745527 0.3553210814447998 -4.891520814146803 40.26878285723663
0 0 0 -0.5145547945205476 34.12414383561642
-0.006692677070828346 0.3045818327330942 -4.059813925570247 13.932633053221405 34.99999999999934
0 0.02640689397851261 -0.9639734973017119 9.229409099552353 15.59930365158169
0 0 0.09390965584137102 -1.7353156202597972 30.05277007831861
0 0 0.06167952130685051 -2.250984005642389 40.42747935294517
-0.0051651955297787756 0.224783887023467 -2.7807902167276914 6.7921092796094555 45.999999999999886
0 0.01205392302679118 -0.37210704482454526 2.166611947273086 30.06000455314812
-0.0017252134439634662 0.06201298701298861 -0.6584129990380361 3.4317821067823897 12.999999999999922
0 -0.02511037527593818 0.7959239987385678 -5.481788079470189 29.17634815515602
0 0 -0.26577176288166854 6.031962249756844 10.744812776928176
0 0 0.09665381619159848 -2.086627249665418 33.88483710524736
-0.004726003163503175 0.23997564935064958 -3.7237486471861456 15.85126123876119 42.00000000000063
0 -0.010427561867572809 0.37432078336801333 -2.8529779264429793 25.497953772140843
0 0 -0.15670374195150316 3.651921199501151 12.824205590072633
0 0.015026056098874 -0.4612207722959311 2.6620013644613905 35.029730786803334
-0.0014809627554725263 0.07787633571947149 -1.3825941487706017 10.214985994397738 2.9999999999998237
0 0.015466641201935374 -0.5883594346829658 6.003507766743067 14.000000000000028
0 0.007894045159925617 -0.1462849673643441 -1.098346537098098 41.105929191889615
0 0 0.01468455837442193 0.11954028294372687 27.863755808598054
0.0030980861244018975 -0.16076270221007152 2.629275461380774 -12.914570517202614 29.00000000000117
0 -0.013264926510068274 0.4550498637563414 -2.5358606644163917 14.651389988861485
0 0 -0.09006639325788254 2.653743467573254 14.999486042039235
-0.0003519214703425254 0.02790413533834607 -0.8769757727652512 10.131265664160434 3.999999999999879
0 0.03324267959675655 -1.2245200522728656 10.969060269552259 18.200291294019323
0 0 -0.014746665909456724 -1.0876281341397598 48.09225658062866
0.001713397199508309 -0.0979876476404257 1.7600418871252304 -10.402789802789894 45.00000000000028
0 0 -0.027845250173814617 1.192465114466288 23.527646919046955
0 0.012963820760563837 -0.35867271885463775 1.3509745348565159 36.35052287742609
-0.004717445620223462 0.2273695620223431 -3.4394951499118736 17.421984126984473 9.999999999999972
0 -0.02244622399278282 0.8382652648760665 -8.59399541587201 45.34749330959776
0 0 0 -1.024564994882293 42.92425793244626
0 0 -0.018148436683545856 -0.8032482400220441 41.800941980105854
0 0 -0.22235030668313072 4.673368074444423 17.987477225431498
0.003740959333064715 -0.19240919898815173 3.069038600288677 -15.002582943372799 33.000000000000625
-0.007562424579968432 0.3535848881462908 -4.9672431077694 19.34189640768569 31.00000000000049
0 0 0.03178535128544264 0.11034196997282755 22.48301725298787
0 0.014181332153193262 -0.6794491827893695 8.549594101884889 5.984383731258815
0 0.024432914539278774 -0.8997615890828864 7.547976376421116 28.859892978563593
0 -0.009544676070704214 0.3981013547745731 -5.293515450876346 47.2169545955344
0 0.026306756296282745 -0.9171882619625665 6.242017196612294 37.81641184247936
-0.005967818095964637 0.30554102647924525 -4.954040899349852 25.654467690966452 11.000000000000243
0 0 0 0.2584269662921348 28.29213483146068
-0.00346119929453272 0.16503527336861218 -2.3744047619048647 9.898015873016499 23.99999999999971
0 -0.0370670995670997 1.1645021645021703 -7.180735930735989 23.00000000000011
0 -0.0288386764359149 1.0750197634713783 -9.558724044511242 37.03187344251898
-0.007913995726495798 0.379495192307695 -5.519930555555584 22.333846153846245 36.99999999999968
0 -0.029651242274106492 0.8624241629684137 -3.5546757407595826 11.204538090057156
-0.002942762249827457 0.17251013630089837 -3.170964889579082 18.00139751552859 25.00000000000003
-0.004806858947725863 0.230024090976106 -3.330391933487962 13.302214761503064 33.99999999999988
0 -0.023868083383090627 0.8618254157085276 -8.230892572622421 49.086485331805065
0 0 0 0.3666666666666665 23.499999999999993
0 0.011108266904946897 -0.4889255823927514 5.4940363691876914 19.52280146894353
-0.0012321012321012425 0.06534299034299074 -1.0723609723609784 5.256668331668361 29.00000000000005
-0.005688342588497342 0.2505624764525695 -3.2544904950284717 10.919433387390624 37.99999999999914
0 0.0182663894569617 -0.6792988575943553 6.247201310732625 22.90643728845152
0 -0.006524506945240682 0.33216297664942174 -3.9582125427929653 38.10763614346969
0 0.01614274056626246 -0.7503800090683604 9.15440940513318 9.50327038111955
-0.00045138034268467895 0.021423584467062353 -0.1883190682103712 -1.2054451587059969 31.999999999999936
0 0.0006460163836133103 0.0029096616502077657 -1.5348016046603068 46.56106752553679
0 0 0.03580516175936033 -1.051944747364597 34.473282442748115
0 0 -0.08651303056218214 1.8741387225998103 20.266732682180297
-0.006983743577946586 0.3225653707537807 -4.543219461697769 18.74121808143556 29.000000000000963
-0.003031536364869694 0.11692165858832473 -1.1128094128094015 0.31017593517586445 37.9999999999999
0 0.010492350101019763 -0.45858122608037993 6.186020013100327 8.440193704645933
0 0.022019849684989625 -0.8217384343503955 7.614246516422997 15.834521661501812
0 0 -0.09831481486827334 3.375140127382413 8.094477369367603
0.003034562902984025 -0.13023316839106627 1.369809941520513 0.647402159244077 7.000000000000224
0 -0.030149783395921715 1.1324425987501032 -10.23298773330339 38.61921798055472
-0.005788461051619659 0.3099022809549536 -5.3361560466831435 29.58371686793225 14.999999999999906
0 0.025632644970786652 -0.9734669955170484 8.584808941756226 22.26474465507705
-0.000821482439129492 0.05577596423184639 -1.3569637470372753 12.338014436543858 6.999999999999906
0 0 0.142339650738946 -4.0757950928351825 46.852496675160566
-0.004973845598845601 0.2000180375180375 -2.2076659451659437 5.448701298701262 28.000000000000185
0 0 -0.02494526327031934 1.785465395706504 12.276967852184127
-0.003197278911564633 0.1263492063492066 -1.1600226757369647 -0.2374149659864063 32.00000000000005
0 0.010308153931170846 -0.4547255031149866 3.5306767055494213 39.03260073479869
0 -0.004716629381058847 0.1550042612123125 -1.0759507829977404 28.435282837967378
0 0 0 -0.02201257861635175 27.512578616352187
0 0 0.06559728521032365 -0.8934203332043956 25.626946198140153
-0.004046062869592248 0.17541238717709237 -2.1732337379396363 5.71951447245599 39.99999999999953
0 0.01727584368475861 -0.5572577068914828 4.04304718057568 25.478992710404246
0 0.0208441121301059 -0.7095680945027979 6.243668062007381 15.690552307810755
0 0.026654770206343815 -1.0265538896830086 10.164797775423033 9.649656131469126
0 0 -0.02772190358587746 0.24676751100784808 31.7604757339919
-0.00338356496444728 0.13208135818429823 -1.184464330604037 -1.8773163111397098 43.9999999999997
0 0 0 -0.3592630501535323 31.14227226202663
0 0 0.08710836787587742 -2.170593615379923 35.80968062294984
-0.0013435887823142788 0.044663753548557825 -0.3403631907308444 0.8911658602835537 17.999999999999844
0 0.029284611338967606 -1.0487983176562659 7.334879636660739 43.075974745973866
0 -0.02864042925862866 1.0640902608821308 -9.479470329518724 36.95557691423801
0 0 -0.0854771422388258 2.577062114755432 12.993924091343812
-0.0008462551940812583 0.052858011553662536 -1.1364295125164499 7.776725448464498 31.000000000000032
0 -0.022040868591576154 0.7445177005908143 -6.960389703207026 44.14981288008733
0 -0.03789650974506516 1.2731039843428673 -8.915804607892671 24.511327026627434
0 0.01428993813682683 -0.44379093886463017 3.155992788143447 23.064708217546677
-0.004348660598660555 0.2315420690420691 -3.9100494412994826 21.963838938839384 2.9999999999987303
0 0.002527013279028721 -0.15606023326930876 3.7258625747242657 6.413808065236166
0 0 0.08829215232933631 -2.9056401176058864 43.32279606106014
0 0 0.03797331432874878 -0.22831132961287648 22.255721590881663
0 -0.013248322320780343 0.32697424628607347 0.5229558334552189 2.071470971272645
0 -0.01626620900076278 0.39759725400457796 -0.38133104500384146 16.000000000000064
0 -0.02056026903999754 0.6892674108385719 -5.061826483491107 28.761101316152597
-0.005326617826617871 0.2583499833499867 -3.807693695193762 16.168556443556827 24.999999999999574
0 0 0 -0.2107487922705309 33.67693236714975
0 0.015663195795050395 -0.5376410463845641 3.3002697091200877 41.946117111514866
0 -0.012197287725233947 0.32155051465327333 0.5707993168053422 5.854314096140242
0 0.019562539434505498 -0.5518280654839881 2.6733557259218275 34.045204480414014
-0.004009396400700932 0.20140946010512323 -3.3103718745025232 18.112971810799294 20.99999999999869
-0.002938391730961285 0.1761102101659329 -3.2427172506428845 17.50606024866068 28.999999999999897
0 0 -0.022139530719288796 1.5192020398609596 18.4464646488036
0 -0.010712001445967996 0.3157412858959384 -1.0749649241851518 20.99325774708684
0 0 0 0.4251968503937007 25.692913385826778
0 -0.01390996084060364 0.5858434445819807 -6.538823006717006 42.757014698970764
0 -0.01746722238925696 0.7243737782094614 -6.922837642642373 34.633002902678186
0 -0.030502710833635534 1.1745292098299873 -10.072794902612234 26.87503901903941
0 0.020657000441629703 -0.8022480633110823 8.246549442290247 10.487115346436497
0 0 0.12484922071386712 -3.3713158121547386 45.93792917732604
0 -0.027167717120055907 0.9949257028375453 -8.454350594097493 32.62735924251607
0 0.0244726346420583 -0.7135024523819051 2.5525952498835975 48.13348553325902
0 0.003083225163603036 -0.23620473633625766 4.504820262426414 6.846994520521375
0 -0.020239240292087436 0.7760867544599952 -6.705721609924178 32.38477939436291
0 0 0 -0.3315158124318418 30.649945474372938
0 0.000420168067226886 -0.01815525558088696 0.9437093272186006 17.168568725721077
0.004632414369256443 -0.20543859649122698 2.7203801169590545 -11.24498746867167 45.00000000000008
0 0 -0.027230448111300175 2.144606530557307 4.657683818602044
0.0026412442047118036 -0.0981510491572469 0.8443121120366731 -0.19937959357524435 37.00000000000019
0 0.004721804906860314 -0.18745652652464667 2.720951067351116 15.56622090408821
0 0 -0.015565003464066285 -0.9132157504549853 44.25597495051871
0 0 0.010222961866810935 -0.9363562196315626 36.33989841361961
0 0 0 -0.44035532994923726 34.42005076142128
0 0.029163913530871128 -0.9728505446604725 6.087311039751911 45.91362851197266
0 0 0.03879093751313352 -0.47110642520013174 28.713905643863058
0 -0.053779575000579526 1.8331915344405845 -14.273567307023875 33.994792614980994
-0.004828541341699211 0.20320103872735334 -2.280346225412007 3.1425999439158097 47.999999999999666
0 -0.028456923533071055 0.7731751277698133 -2.2131353789092296 3.0523240918629506
0 -0.01008197146601368 0.3238879322623919 -2.63852850762104 33.373941589927995
0 -0.01905599571339496 0.48635369088744973 -0.8397466397503991 10.219233757171716
0 0.025833217265942687 -0.9613326830453526 9.25619021838319 9.379190096470726
0 0.013472030797692356 -0.5792071472810281 5.27617726589025 27.737382254301608
0 0 -0.06545184552744786 0.7984505464744304 32.222578735006934
0 -0.020344807371917104 0.5914376292504244 -1.8151652484218972 4.90700708481969
0 -0.008552285840438061 0.38855178066081475 -5.267147747855423 47.38296748569265
-0.00021494708994708927 0.011474867724867742 -0.17943121693121847 1.7099206349206517 18.999999999999954
0 -0.03802202699261499 1.2707696715049592 -8.889451235039433 23.999999999999975
0 -0.011593843271709668 0.45922084542033836 -5.301579898916688 45.49514346867154
0 0 -0.08335766263280021 1.408276485012465 30.310159504257957
0 0 -0.17597748066263716 4.515878844268044 6.164001154662116
-0.002271698817751499 0.11741672679172932 -1.9614353117643049 11.971377306903943 10.99999999999943
-0.001656332671957715 0.07873801256613959 -1.1588574735450048 5.481626984127147 20.999999999999986
0 -0.022835002184920926 0.5724993564350666 -0.8668883848597256 11.629378070218008
0 0.01480910187687854 -0.7795297571979595 10.302586941816838 2.993433000895196
0 0 0.1722626862393543 -4.112653057975766 44.92791318141075
0 0.019546107462528727 -0.52793806990698 0.9544083985727249 48.49098209521341
0 0.023111899881433137 -0.900870284962116 9.062094260565484 11.604530656538282
0 0 0.06547165669813512 -0.5910545199274551 21.42414964025284
0 0 -0.10075690092106745 3.7484880576477306 3.6018601982393164
0 0 0.0856375655102307 -2.4749618105915645 44.860104522250985
-0.0011164861708340289 0.04019847905717661 -0.3708326697457494 1.804964962573881 13.999999999999888
0.003634249522407439 -0.1635420500552088 2.194793966997924 -9.339699773910342 43.00000000000024
0 0 0 0.6971260132645537 16.792188651436987
-0.004609870263895013 0.2423098186643083 -3.982654245908929 21.031759545924153 11.99999999999909
0 0.021700087768715126 -0.8146966935154043 8.14399376116823 9.696016240409445
-0.005285727344550877 0.26223106958401265 -3.96664299752542 18.015897337956783 20.999999999999247
0 0 -0.17960611979166644 3.5360514322916643 24.944824218749968
0 0.019183188479100367 -0.8472728436470347 9.473571367335893 10.48806132552199
0 0 -0.15456217869497263 3.1269447595185316 18.001371277658315
0.002044075205839902 -0.09082473898650353 1.1724768695357002 -3.373357524828227 19.000000000000128
-0.0022276025207947176 0.06394621063528286 -0.2183200301478217 -1.00729268824238 11.999999999999956
0 0.010071268061978977 -0.4319715226374291 5.149165537501334 13.778183406309166
0 0.029540327956968055 -1.063566287411787 7.7000129158007 37.04755362992701
0.0002830615942029003 -0.008389945652174038 0.007019927536234742 2.001086956521717 15.999999999999991
0 0 0.00835643581756446 -0.5074535716953236 33.16205422456935
0.005289844982827516 -0.27354381323679944 4.501524644945758 -23.852172096909225 47.00000000000026
-0.004767917267917316 0.25998075998076375 -4.647528860028941 27.2451298701304 14.999999999999297
-0.00345279720279714 0.12162004662004389 -0.9735868298367976 0.9194055944055132 16.000000000000256
0 0 0 -0.27022653721682893 31.718446601941736
0.0012460837019261288 -0.05200650232919472 0.6092372678650274 -3.5584768492379784 49.00000000000014
0 -0.0011292837112053008 -0.009841726004456096 -0.3947405801942474 39.81919572212874
-0.005872830872830758 0.2786616161616118 -4.130636493136453 19.35386557886557 15.999999999999465
0 -0.0293133914871228 1.0491183544012883 -8.450064488913867 29.864017927183284
-0.005907600308641906 0.2607542438271565 -3.3559027777777106 11.763888888888593 22.99999999999974
0 -0.03614585628787459 1.2393264909880481 -9.041315876380523 20.82135913289105
0 0.01948200599040177 -0.7281498766885348 6.964921460759957 19.803822090102994
0 0.0033224065426337474 -0.03779791119523949 0.019991873035612784 23.108571825366138
0 -0.02901785714285713 1.0687499999999985 -9.060714285714269 33.00000000000001
-0.006709802543135998 0.3174378091044815 -4.547401209901299 20.633094683095134 5.999999999999495
-0.0005522080893934394 0.015575995324278925 0.15213992243454588 -5.281073484105521 42.00000000000004
-0.004444321110987753 0.2508744342077663 -4.533505383505364 25.1554168054167 26.999999999999506
0.0026457207565162367 -0.11443714902521838 1.498310354418325 -6.701427738927796 41.999999999999716
0 -0.013222018221346547 0.5191819579518197 -6.065821611331786 48.28131820273181
0 0.030474304424340324 -1.0236306294904765 7.1115573008870685 38.45071717068408
0.0012263257575757661 -0.05235321969697004 0.5013446969697019 2.253787878787846 6.000000000000067
-0.00037944470717581026 0.03250290014995945 -0.8180347896734512 5.406608097784578 31.000000000000096
0 0.0060206162702548475 -0.18812927280095437 2.1072075922867137 18.261056457096746
0 0 -0.02474745159692134 -1.0476640613723314 46.603946172421445
-0.004442316942317118 0.18746993746994475 -2.1391178266179165 3.8500666000669828 38.99999999999951
0 -0.0072298935272696535 0.0746939761292765 2.41125410434672 14.186088636638106
0 0.01124048715608874 -0.5047374695244389 5.684389966226243 17.47405711513565
-0.006277586792292688 0.28689892623716207 -3.825759697818531 14.554144385026856 15.00000000000011
-0.0040268132716049995 0.2201485339506207 -3.8454861111111684 21.986111111111427 10.000000000000124
0 0 0 0.17289220917822845 27.278548559231584
0 0.029448621553884686 -1.1680451127819507 11.404010025062574 14.000000000000218
0 0.009442743362000409 -0.18561977659602985 -1.186001768939064 44.96287538536915
0.002306964452447604 -0.10652344271041546 1.3124397675736643 -0.6158613445376564 2.9999999999997984
0 0 0 -1.615722266560256 45.57382282521948
0 0 -0.008369853983980255 0.5392920919641251 26.8610990152408
0 0 -0.16532992134098148 3.869113454470506 15.092501631573562
0 0.015415410716344745 -0.5752523430679807 5.294224605096291 23.71154156577881
-0.0015307648745863816 0.031754172600854474 0.2161327342248383 -2.274628746539476 7.999999999999962
0 0.006233772791092079 -0.1884460751750158 1.9631818469392393 19.768083832772472
-0.0013834635416666594 0.08756510416666614 -1.9036458333333222 15.20833333333327 1.00000000000017
0 -0.030345977154722106 1.0660661265199056 -8.731677526179094 30.81375696198512
0 -0.04144928303207827 1.5690097706194939 -14.723112275289406 45.09271818771089
0 -0.01139347036228787 0.441679888307904 -4.963353289557873 43.656049316789414
-0.0023121168954502143 0.09634539842873126 -1.123883061383056 3.440947940947909 21.000000000000163
0 0 0 0.4398881640260944 21.177073625349493
0 0 -0.19858916424411607 4.5269430772625645 8.922703854013763
-0.001291322314049625 0.07170020361720114 -1.12330443765722 3.052895556354098 44.00000000000006
-0.005319794584500488 0.22213818860877754 -2.5398856209150438 7.004831932773209 17.999999999999805
0 0 0 0.09433962264150901 25.264150943396228
0 -0.022753879749226037 0.8156324144444859 -6.9572143339706605 36.18379356442015
0 0.011018672981620414 -0.4376138908608668 2.903386281109862 37.131578381113776
0 -0.03706963991873405 1.1529926436013962 -6.8321545839767595 15.947974306426506
-0.005823775660731993 0.2494148564800666 -3.1247749935249187 10.8811839127055 23.99999999999986
0 -0.006619322736247968 0.24247193529151184 -3.268214309631267 42.984509655048214
0.005049220645195823 -0.2579054588342489 4.093594782410538 -20.451490021845988 42.00000000000033
0 -0.0220287900848777 0.8578498139997117 -7.533226763754449 31.98373287142126
0 0 -0.03178765008821903 -0.7112926999129731 40.22580549493046
0 -0.02927406256453426 1.1823833631284397 -11.516453800566016 39.03243957452299
-0.002485439450900039 0.1511069933356148 -3.0722256635908467 20.554502734108308 13.999999999999787
0 0 0 -0.34856007944389295 31.955312810327683
-0.0008843922184258408 0.044023570966848766 -0.5866981407947882 1.949016529688855 24.99999999999993
0.0038624569874571974 -0.1737845487845594 2.3839996808748487 -10.052364302365092 37.00000000000019
0 0 -0.060978321371208795 1.206601213667145 23.784437610378664
0 0 0.16046069722432285 -4.03002583348922 49.724177589611394
0 -0.018946426138906756 0.6006742950551708 -2.934556405316525 10.905803024111147
-0.004885903570114046 0.2704269414795711 -4.702119371856196 26.54434425223901 2.000000000000137
0.0031199677938808902 -0.14442431561997027 1.734098228663483 -1.2270531400967493 6.999999999999766
0 0 0.03919021327270758 -1.6262855905597065 42.08639168561221
0 0.02853784919252963 -0.9054018307100997 5.298541323324599 40.409622295179126
0.0010042987315714716 -0.05408076771713206 0.9610064178246144 -5.713724154633357 30.00000000000022
-0.0006625904643807332 0.030455357373515356 -0.4874749043227216 3.8584291028664017 17.999999999999996
0 -0.010547071001570497 0.18001044933414442 1.3943953111196057 11.603639508691993
-0.0016111096219455115 0.04671534748934028 -0.16725784678569738 -1.330205750561831 24.999999999999993
0 0.004793274337836999 -0.18285932671026542 0.6986524472626343 36.289336309748165
0 -0.002354497354497373 0.2121957671957676 -3.986507936507933 47.999999999999936
0 -0.025947010969896406 0.8790972692862054 -7.177197205151549 32.22621288326949
0 -0.004025135305873415 0.05025786243383587 0.08088164274179595 34.63771551700024
0.0045270386179477725 -0.19857415311961105 2.4871403848677125 -7.811105561105912 30.000000000000526
0 0 0 -0.6707566462167698 39.87116564417179
0 0.0029531791754939486 -0.11296248845832722 1.07419913647902 31.452388191491607
0 0.010777868237938396 -0.4267957731584272 3.7168422393151275 25.95535161164593
-0.00591185130658853 0.3047478836952729 -5.026844865661018 27.834928229667035 3.000000000000205
0.0038029100529100167 -0.19157848324514862 3.0808531746031704 -16.28769841269853 41.00000000000031
0.006569054938620429 -0.3144911851433734 4.6443500742416255 -21.33642794403798 44.00000000000067
0.0022827791403642957 -0.1114852639620454 1.521849744682593 -4.116020666640092 21.00000000000042
-0.0012602717148171693 0.03912198912198931 -0.2111788043606278 0.5393550893551198 15.000000000000071
0 -0.012331468201627217 0.5950080243651635 -7.282882320889839 46.81412759409388
0 0 -0.07886597507046086 1.2908489690257574 32.167443716180905
0 0.01817334200988012 -0.8212780063534731 9.850313284403736 2.3141902250176916
0 0 0.03909346964322975 -0.1530878364281262 27.556853745044872
0 0 -0.04739232057411872 2.539181367980456 4.29512370427151
0 0 -0.07296206069212216 2.3837749972719307 13.892342554919223
0.00147287608225107 -0.06399485930735889 0.7260484307359261 -0.5918290043289889 21.99999999999998
0 0 -0.1505774008915298 2.349866582342333 32.93028934345595
0 -0.010035330527184139 0.2449564408791171 -0.437921400779555 20.559933323170643
0 0 0 -0.4408201304753036 38.06616961789377
0 0.023581759578451093 -0.7988374034642731 5.301095371376486 33.89701401620866
-0.0015309343434343516 0.06698232323232362 -1.0660984848484925 8.376515151515221 5.999999999999851
0 0 0 -0.2311827956989247 35.204301075268816
-0.003584288406438036 0.1612169009480208 -2.1543328029152224 7.267255254504758 36.999999999999424
-0.004375954927425603 0.22137445887446336 -3.414025496562336 14.501457855870042 34.99999999999985
0.0005118634375600289 -0.02118682401190132 0.17827082188537346 -0.7758892552236358 47.00000000000001
0 0.008225446707593875 -0.34773001799948683 3.344119593585771 26.89292601037375
0 -0.020525450171546174 0.7459834924049084 -6.581897139502158 35.89897220960504
0 -0.0063202167751027225 0.30947185107256403 -4.702770330544056 45.28704439897993
-0.0025318642709947973 0.1357376681289771 -2.2830231604145403 13.149817356556893 11.999999999999497
0 0.03071972745379588 -1.1743762788009475 11.81808648950207 7.272663998249779
0.0024877683080808863 -0.13305318813131795 2.3100220959596918 -12.776136363636969 31.000000000000032
0 0.017747724089635798 -0.8593629538971517 10.890004424935057 2.539850917431332
-0.005114405145364875 0.22090127278981728 -2.895843783552765 12.795987741189004 8.000000000000037
0 0.03732714333838658 -1.3812561960104945 12.641765802834518 12.032021944705306
-0.000848730192560135 0.05707418232993807 -1.1801261476813207 5.97281137092536 39.99999999999991
0.0014029018414982942 -0.10219173289348558 2.333861898335564 -17.127295803611595 47.00000000000021
0 0.04155096259554528 -1.437208312274885 12.056438920862131 16.734492330066203
-0.002289762706429394 0.10953783870450738 -1.6250450937951486 6.644300144300588 34.999999999999545
-0.003989109848484943 0.21276041666667114 -3.539867424242491 18.260606060606413 14.999999999999652
0 0.004354330326835412 -0.18008146639511183 3.5422044418582077 5.740122199592671
-0.003974728974728978 0.2167258667258677 -3.6403994153994406 18.565473415473562 18.999999999999975
0 -0.009163547813106755 0.26866850192269187 -1.324719979231677 28.50730947500501
-0.004413818158842492 0.1987868831743226 -2.6401767549125 8.254619637328737 46.99999999999955
0.0018053106016069059 -0.07504409171075889 0.823567019400363 -2.538492063492101 42.00000000000002
0 -0.0065536714408647445 0.24609765979666273 -2.2536394887868503 35.082137629763125
-0.003013961347294605 0.16317632984299305 -2.8462232212231826 17.484792984793007 5.999999999999088
0 0 -0.16840862621196828 3.576599221955059 17.976996229039113
0.005127758004995857 -0.24550343092542606 3.671745241118653 -17.431369568198278 43.00000000000004
0.0025159489633173808 -0.1464980633401688 2.6179454317612305 -14.269951013898492 33.00000000000007
0 0.01890727886999139 -0.9127799992516795 11.041714951023842 6.190567480925173
-0.004141024830984999 0.1817004696615478 -2.260827699500842 7.679254859838663 15.999999999999618
0 -0.014128094687609708 0.5102705980300469 -3.8992879980874346 28.638585192255015
0 0.006650987045033932 -0.18192809914740832 0.20348313007165764 41.87915025546122
-0.007460768398268222 0.3497835497835444 -4.9961309523809305 20.652813852814038 22.999999999999435
-0.0013714099421820176 0.07277938819758788 -1.3034368715435176 8.028261689291355 25.99999999999949
0 0 -0.001145223346760063 0.47393855284387687 25.669045120671573
0 0 -0.0035204307304489988 1.0232827930935944 17.35351583141859
0 0 0 0.9535374868004222 15.855332629355864
0 -0.02021998250176753 0.6163410274566646 -4.62752676502214 39.98482003600195
0 -0.011764139886137018 0.2634087297624312 0.28547417344208126 11.997942918742636
0 0 0.18381904198514382 -4.3732992653107035 43.867774657823915
0 0.021177169055557814 -0.618055506803091 2.6226950451568616 44.78298236486942
0 0.033556041594815414 -1.2129975553212826 11.552546081443836 5.431612436249604
-0.0016761016761017166 0.07146187146187317 -0.7489066489066706 0.6488178488179439 28.999999999999897
0 0.015993341276245205 -0.6909099711468214 5.979248767461683 34.8191684225153
0.0013134021551204273 -0.06742822128851572 1.2597565940251754 -9.76030752013728 47.00000000000016
0 0.02278645833333324 -0.8828124999999962 8.104166666666632 25.000000000000043
0 -0.030239249779734953 1.1896259581811663 -11.848290456539628 46.462824003271955
0 0.025051440238971552 -0.8928464598622639 7.376687782655528 24.819860583470728
0 0 -0.014868325683737171 -0.368097592584557 32.67036077061637
0 0 0.008632705203970704 0.08788960295886368 30.371575844682106
0 -0.013171160365133777 0.37783878542996757 -2.1525439910167985 28.57765521458249
0 0.02024503800909648 -0.8838125794460987 8.850504569013449 19.95952312275972
0 0.023309748860043483 -0.8643736828592266 9.15783644742689 2.4573537202271503
0 0.03810754859903437 -1.3902595947471041 12.772016822072235 13.389304983142237
0 -0.018919296055963097 0.5730463377958833 -3.6408741355499203 29.13094504228459
-0.003790802035099792 0.19857228605728214 -3.3187525010004415 18.8014705882356 4.999999999999426
0 -0.039206854322916936 1.3432304086775713 -11.21450379098395 45.49363285511459
0 -0.023067033796802562 0.8257205905327281 -5.901236785918855 19.339946883299444
0 -0.017523850769838593 0.6132401929632664 -5.32113900557629 33.945929835720484
-0.0015677052714089712 0.08947677836566745 -1.7768959435626195 12.278835978836089 17.999999999999755
0.003701437451437524 -0.1817453379953416 2.755130147630203 -13.106480186480443 42.00000000000028
0 -0.011323318398459835 0.48430090415267185 -4.863503004419787 30.878388943241344
-0.0012398145121256838 0.059296187328222325 -0.765156853486355 2.098356398241936 31.00000000000006
0.0031576772122990666 -0.15878063346550852 2.579918735170871 -14.778801217457039 48.00000000000074
0 0.012809475427759202 -0.5312843506865844 7.21487258638399 3.6764022540533206
0 0 -0.031481863655571665 2.205060094145857 9.575388425366313
0.0013621164189346045 -0.07015758862349802 1.016859718564271 -2.7820929070929648 22.00000000000023
0 0 -0.16007014262552324 4.242600762741385 7.919973002624808
0.0016447368421052715 -0.0602073365231264 0.6478767942583789 -3.939792663476904 46.99999999999994
-0.0005801297467964027 0.033247462414128626 -0.6653272653272606 5.92036297036296 6.99999999999997
0 0 -0.047082558905980176 0.2799471683691548 34.354828955627
-0.0005213332419214553 0.030563798946151265 -0.5739764728735305 3.1275978923038004 31.99999999999995
0 0.030759803921568796 -1.180269607843142 12.233823529411797 5.999999999999978
-0.0034351563291780147 0.21033305462653085 -4.093961848839544 26.29917933515746 4.000000000000375
-0.0004261752547909105 0.03351565506585456 -0.9730871535217144 9.31552108881848 17.999999999999716
-0.006656496313246837 0.29645308924484953 -3.972367149758449 16.682570556826963 6.0000000000000036
0 0.02413227100911837 -0.9187075652532164 8.09339316744589 25.93351964314524
0 -0.016333269406642884 0.609653191181247 -4.777666232226082 29.889252879636448
-0.0003897518603401009 0.004943694649577292 0.07077356195002694 0.3417961123843864 18.99999999999997
0 0 -0.054726167210904224 0.40371345038324435 34.33309513231031
0 0 -0.08006488285013935 2.2687224894479083 14.566198397812668
0 0 -0.023477492909975868 0.1455774656112406 33.38702818722019
0 -0.029391555327883297 1.2045991945275822 -11.769450315628225 40.838091113687256
-0.0013945293836598253 0.06670747730530394 -1.0415312947921778 5.976218346870619 22.000000000000078
0 0 0 1.149799599198396 17.212925851703424
0 -0.038978072669005735 1.343249434567688 -10.95410379189637 39.11205268667064
0 -0.02589942886177397 1.0292076943541213 -10.596474407369652 47.50692163336054
-0.0005185145716902139 0.04439639180954326 -1.1624129724353776 9.118535095197677 22.000000000000004
0 -0.009483844042667576 0.32656219053277885 -2.2497984042101677 22.999999999999982
0 -0.010402493382997391 0.4790849993793133 -4.6890089381828135 25.55046450420613
0.0042906746031745645 -0.18888888888888675 2.457638888888848 -9.872619047618757 43.999999999999396
-0.0031185699588477615 0.13541666666666796 -1.7210648148148373 5.291666666666791 32.999999999999964
-0.0033258816347051592 0.15310008618832202 -1.9756791819292148 4.915971773325113 36.999999999999474
0 -0.01792542166952551 0.621864279588338 -6.195329149124186 44.05734445657259
-0.0007530400074259703 0.01801494476933066 0.13135964912280698 -4.202548036758558 37.999999999999986
0 -0.013637049454198932 0.4742326937181589 -4.104757094301883 35.84038052424724
0 -0.033327814119901454 1.0785955963353406 -6.783589299690689 18.460955610171073
0 0 -0.09289351416511805 1.3383914081023252 30.23597706337821
0 0 -0.06727326410234383 0.9416075603237256 27.65613328838386
0 0 0 0.1393709327548807 26.197939262472886
0 0 0.2015239239676641 -4.2732958269608865 38.617216517369435
0 0 0.12172115109784644 -2.820180522996565 36.29685458673896
-0.0027083725453291192 0.13581035510383566 -2.1660777024907816 11.032975719932434 26.99999999999991
0 -0.03886631770069576 1.2978734994040908 -9.410705031100658 23.060311291602133
0.0011597280237631096 -0.059855657662675456 0.9553519214703531 -3.0253341687553212 11.000000000000396
0 0 -0.16304865701864077 3.7029360967184783 15.563158835090212
0.0009912602017865227 -0.05121457489878581 0.6064889788574062 1.3240119529593029 8.000000000000025
-0.007657368502956518 0.3531230547774566 -4.83525715841881 17.002754435107217 42.99999999999938
0.00031135123046887626 -0.025833357818651977 0.6144982264467581 -2.92206274118041 17.0000000000001
0 -0.04756144808718283 1.7588702590997785 -15.79196954429686 46.539673891993175
0 0 -0.1432188220953694 3.7829493633675892 11.829419758767639
0 0.006324473836057948 -0.1695333751142207 0.98736195898541 29.393045411772494
0 0 -0.06123728609638046 0.35679216296008665 39.136144043090724
0 0 0 0.5829875518672203 19.604149377593355
0.003326200850710723 -0.1828662205623023 3.230248599439829 -18.468090569561472 45.00000000000038
0.0014552476508998375 -0.06476150660933401 0.6973323777671889 0.3659738811911456 14.99999999999978
-6.158071947545524e-05 0.0007806131490341589 0.04281454899876 -1.6258904837852213 38.999999999999964
0 0.002767606767839945 -0.12810408302653561 1.3772910315569564 27.15256792550268
0 0.036546005428867115 -1.3405806552339299 11.733324828911964 17.537189771085153
0 0.011499288754456669 -0.5309907868074824 6.20079170826714 13.404971838046714
0 -0.03565084252554445 1.2430441631521834 -10.757079144377714 38.99031870883383
0 0 0 -1.34771573604061 47.06802030456853
0 0 0.0189615344108908 -0.8281142604540804 31.960063439537038
0 0 0.03601285364969797 -0.3020219005888385 24.47920998752817
0 0.0157044635565085 -0.6352104923896945 5.9916616770762126 21.00895416938589
0 -0.02229191517305544 0.859177249389325 -6.529614045192068 18.022794374588802
0 0 0.05613331631522884 -2.5212118836042334 47.61569322974884
0 -0.008717340597902438 0.3036741220071139 -4.077779697360466 50.24104512121603
-0.0023524355761197786 0.12355247092089205 -2.0086205096073617 9.644071717756082 29.999999999999712
-0.0003882137345679077 0.01997010030864227 -0.5116319444444483 6.6013888888889065 6.00000000000001
0.000857183751920605 -0.050416250416251064 0.9865610997190065 -5.529081006712653 25.00000000000018
-0.0022281081491608173 0.11435691501481147 -1.8959975696818068 11.352392344497764 9.99999999999992
0 0 -0.08203125 0.7765625000000006 34.85624999999998
0 0 0.03676947651632724 -0.8138245762050446 29.164391216265066
0 0 0.1572613321059049 -3.8125559149962474 43.67732833285795
0 0 -0.08158609849862422 0.8034842721550123 38.386379138382864
0 0 -0.06369706518804485 0.26004094149315793 37.74881225343426
-0.002983985249431387 0.149554469176891 -2.4922051886582297 15.295162370047786 2.0000000000001874
0 -0.006794145058271057 0.3163177580534969 -4.40586397314332 42.894772613918256
0.003597535505430216 -0.15997807017543766 1.8365497076023305 -0.8704887218044959 2.000000000000289
-0.001462158937649104 0.07794247328560976 -1.2576739028944932 6.627194211017845 21.999999999999826
0 0 -0.1619118061425753 4.49373062834601 9.27049873203719
-0.0006279813023234029 0.04460917372101553 -0.8518564312149792 3.2225504758399297 40.99999999999993
-0.00399831649831656 0.17868265993266336 -2.246022727272784 5.381060606060872 44.99999999999997
0 0 -0.10876010702153568 2.8826508370954107 12.131791293461344
0.0016335936790482413 -0.08980375684921223 1.4724321133412142 -6.777539127539149 26.0000000000001
0.0034630402277460617 -0.17540955776249723 2.6817014684661653 -11.36466474701777 28.000000000000135
0 0 0 -0.41795154185022054 32.70209251101321
0 0 0 0.11892712550607275 26.168522267206484
0 -0.006627866400548453 0.31798139051262125 -3.3858417549582294 33.95914928539592
0 0.014756944444444366 -0.4201388888888859 1.249999999999967 46.00000000000012
0 0 0.02172107299435385 -0.9425790775873059 34.78919010158709
0.0005905552780552686 -0.026577589077588722 0.3929950258075228 -1.6203588078588218 28.000000000000146
0.0033985740507479654 -0.17811632811632794 2.968291088943258 -14.875868817173153 26.000000000000046
-0.004898989898989074 0.2301515151514662 -3.44373737373642 17.806060606054555 4.999999999999732
-0.004751900760304109 0.24783913565426074 -4.156352541016381 23.43739495798302 6.0000000000000036
-0.0007544538794538826 0.02135884948384964 0.045360889110887176 -3.1701215451215345 35.99999999999994
0.0033535841506856716 -0.15257404967550392 2.070586297760323 -8.921365832236212 41.00000000000056
0 0 -0.006898532263614237 0.2471077831067806 28.3563651605022
-0.0030031214927047803 0.1422208193041504 -1.9985795454545123 8.02020202020188 27.99999999999993
0 -0.021331481631622948 0.7557299824104404 -5.376062301251741 24.572959998771154
0.00402540545203509 -0.16313405797096683 1.674740122497329 -1.4590838509254824 22.999999999999638
0 0 -0.03201296218022269 1.4162400864081839 15.179061760436898
0 -0.00477735320903979 0.2147957759642754 -3.1345876426811463 44.45975182253724
0 -0.002338034177516358 0.01312864561541719 0.18169935927411252 34.727306736235896
-0.00413000670353601 0.17255305968540835 -1.89420772582533 2.330302377361227 39.99999999999953
0 0.031165824915824668 -1.349726430976421 14.900252525252409 1.00000000000017
0.003469569646040182 -0.18353705118410765 2.960497835497806 -13.214604023427475 26.99999999999991
0 -0.026713816486543553 0.7608471074380063 -3.414838948929753 19.00000000000003
0 -0.020419194788855226 0.7847800605240356 -7.504497533926363 37.20325790202402
-0.0022308101255467234 0.12353903406533608 -2.2502739950105854 13.35347810084502 24.999999999999776
-0.0037297578964246006 0.15845759179092717 -1.8894119769120148 7.342821067821343 2.999999999999544
0 0.0036077319911158273 -0.23570649125634216 4.450520407963759 8.248729997376737
0.003777268483151355 -0.17587641117055597 2.304133774722442 -5.3780239368493925 10.000000000000174
0 -0.01306172299405405 0.4536867628717196 -4.990888279296543 47.046722728832144
0 0.00630802403271252 -0.28517063170598916 3.568219948292293 19.985361689837603
0 -0.007584808601751296 0.26668795366436604 -1.2381334116934974 15.592939332700901
0 0 0.16439732512788793 -3.881280452772656 40.91178501585478
0 -0.011220205044816372 0.38276348504421215 -2.780226263187121 27.227351018141846
-0.0022192210217421232 0.1023409363745542 -1.3675586901427887 6.17654061624684 7.999999999999911
0.0026883285655215187 -0.1276364311452014 1.8029676463886688 -8.332759930128153 44.999999999999616
0 0 0 -0.8112014453477868 39.18337850045165
0 0 0 -0.6498257839721255 34.038327526132406